6728.000000 4.68812e-05
6729.000000 4.79141e-05
6730.000000 4.89465e-05
6731.000000 4.99785e-05
6731.857910 5.08597e-05
6732.000000 5.10415e-05
6733.000000 5.23251e-05
6734.000000 5.36081e-05
6735.000000 5.48906e-05
6736.000000 5.61726e-05
6737.000000 5.7449e-05
6738.000000 5.87298e-05
6739.000000 6.001e-05
6740.000000 6.12896e-05
6741.000000 6.25633e-05
6741.860352 6.36632e-05
6742.000000 6.39428e-05
6743.000000 6.59451e-05
6744.000000 6.79465e-05
6745.000000 6.9947e-05
6746.000000 7.19405e-05
6747.000000 7.39391e-05
6748.000000 7.59368e-05
6749.000000 7.79337e-05
6750.000000 7.99229e-05
6751.000000 8.19179e-05
6751.863281 8.36394e-05
6752.000000 8.39507e-05
6753.000000 8.62269e-05
6754.000000 8.84945e-05
6755.000000 9.07685e-05
6756.000000 9.30416e-05
6757.000000 9.53136e-05
6758.000000 9.75847e-05
6759.000000 9.98462e-05
6760.000000 0.000102115
6761.000000 0.000104383
6761.865723 0.000106346
6762.000000 0.000106827
6763.000000 0.0001104
6764.000000 0.000113981
6765.000000 0.00011756
6766.000000 0.000121138
6767.000000 0.000124703
6768.000000 0.000128278
6769.000000 0.00013185
6770.000000 0.000135421
6771.000000 0.000138991
6771.868652 0.00014208
6772.000000 0.000142699
6773.000000 0.000147423
6774.000000 0.000152144
6775.000000 0.000156864
6776.000000 0.000161568
6777.000000 0.000166283
6778.000000 0.000170996
6779.000000 0.000175707
6780.000000 0.0001804
6781.000000 0.000185107
6781.871094 0.000189205
6782.000000 0.000189988
6783.000000 0.000196063
6784.000000 0.000202136
6785.000000 0.000208188
6786.000000 0.000214254
6787.000000 0.000220319
6788.000000 0.00022638
6789.000000 0.000232419
6790.000000 0.000238474
6791.000000 0.000244527
6791.874023 0.000249816
6792.000000 0.000250805
6793.000000 0.000258637
6794.000000 0.000266486
6795.000000 0.000274332
6796.000000 0.000282175
6797.000000 0.00028999
6798.000000 0.000297825
6799.000000 0.000305657
6800.000000 0.000313485
6801.000000 0.00032131
6801.876465 0.000328141
6802.000000 0.000329483
6803.000000 0.000340375
6804.000000 0.000351262
6805.000000 0.000362144
6806.000000 0.00037299
6807.000000 0.000383862
6808.000000 0.000394729
6809.000000 0.000405591
6810.000000 0.000416413
6811.000000 0.000427265
6811.879395 0.000436804
6812.000000 0.000438449
6813.000000 0.00045208
6814.000000 0.000465665
6815.000000 0.000479283
6816.000000 0.000492895
6817.000000 0.000506501
6818.000000 0.000520057
6819.000000 0.00053365
6820.000000 0.000547237
6821.000000 0.000560818
6821.882324 0.000572797
6822.000000 0.000575114
6823.000000 0.000594754
6824.000000 0.000614434
6825.000000 0.000634106
6826.000000 0.00065377
6827.000000 0.000673367
6828.000000 0.000693011
6829.000000 0.000712647
6830.000000 0.000732275
6831.000000 0.000751846
6831.884766 0.000769212
6832.000000 0.00077222
6833.000000 0.000798314
6834.000000 0.000824399
6835.000000 0.000850399
6836.000000 0.000876461
6837.000000 0.000902513
6838.000000 0.000928554
6839.000000 0.000954503
6840.000000 0.000980522
6841.000000 0.00100653
6841.887695 0.00102961
6842.000000 0.00103362
6843.000000 0.00106924
6844.000000 0.00110494
6845.000000 0.00114063
6846.000000 0.0011763
6847.000000 0.00121185
6848.000000 0.00124749
6849.000000 0.00128311
6850.000000 0.00131872
6851.000000 0.0013542
6851.890137 0.00138588
6852.000000 0.00139107
6853.000000 0.00143834
6854.000000 0.00148558
6855.000000 0.00153281
6856.000000 0.00157989
6857.000000 0.00162708
6858.000000 0.00167425
6859.000000 0.0017214
6860.000000 0.00176838
6861.000000 0.00181549
6861.892578 0.00185752
6862.000000 0.00186455
6863.000000 0.00192998
6864.000000 0.00199521
6865.000000 0.00206057
6866.000000 0.00212592
6867.000000 0.00219123
6868.000000 0.00225633
6869.000000 0.00232159
6870.000000 0.00238683
6871.000000 0.00245204
6871.895508 0.00251022
6872.000000 0.00252006
6873.000000 0.00261444
6874.000000 0.00270878
6875.000000 0.00280309
6876.000000 0.00289711
6877.000000 0.00299134
6878.000000 0.00308553
6879.000000 0.00317968
6880.000000 0.00327351
6881.000000 0.00336758
6881.898438 0.00345206
6882.000000 0.00346531
6883.000000 0.00359567
6884.000000 0.00372567
6885.000000 0.00385592
6886.000000 0.00398613
6887.000000 0.00411628
6888.000000 0.00424601
6889.000000 0.00437605
6890.000000 0.00450604
6891.000000 0.00463598
6891.900879 0.00475263
6892.000000 0.0047699
6893.000000 0.00494453
6894.000000 0.00511909
6895.000000 0.00529358
6896.000000 0.00546753
6897.000000 0.00564187
6898.000000 0.00581614
6899.000000 0.00599035
6900.000000 0.00616395
6901.000000 0.006338
6901.903809 0.00649526
6902.000000 0.00651904
6903.000000 0.00676627
6904.000000 0.0070128
6905.000000 0.00725981
6906.000000 0.00750673
6907.000000 0.00775355
6908.000000 0.00799959
6909.000000 0.00824619
6910.000000 0.0084927
6911.000000 0.00873837
6911.906250 0.00896158
6912.000000 0.00899494
6913.000000 0.0093507
6914.000000 0.00970632
6915.000000 0.0100609
6916.000000 0.0104163
6917.000000 0.0107714
6918.000000 0.0111265
6919.000000 0.0114804
6920.000000 0.0118351
6921.000000 0.0121897
6921.909180 0.012512
6922.000000 0.0125561
6923.000000 0.0130413
6924.000000 0.0135274
6925.000000 0.0140133
6926.000000 0.014499
6927.000000 0.0149832
6928.000000 0.0154685
6929.000000 0.0159536
6930.000000 0.0164385
6931.000000 0.0169217
6931.911621 0.0173634
6932.000000 0.017422
6933.000000 0.0180851
6934.000000 0.018748
6935.000000 0.0194089
6936.000000 0.0200712
6937.000000 0.0207333
6938.000000 0.0213951
6939.000000 0.0220547
6940.000000 0.0227159
6941.000000 0.0233768
6941.914551 0.0239792
6942.000000 0.0240572
6943.000000 0.0249716
6944.000000 0.0258856
6945.000000 0.0267993
6946.000000 0.0277103
6947.000000 0.0286232
6948.000000 0.0295357
6949.000000 0.0304479
6950.000000 0.0313571
6951.000000 0.0322685
6951.916992 0.0331039
6952.000000 0.033206
6953.000000 0.0344353
6954.000000 0.035661
6955.000000 0.0368893
6956.000000 0.038117
6957.000000 0.0393443
6958.000000 0.0405676
6959.000000 0.0417938
6960.000000 0.0430195
6961.000000 0.0442448
6961.919922 0.0453679
6962.000000 0.0454925
6963.000000 0.0470512
6964.000000 0.0486094
6965.000000 0.0501626
6966.000000 0.0517195
6967.000000 0.0532757
6968.000000 0.0548313
6969.000000 0.0563814
6970.000000 0.0579356
6971.000000 0.0594893
6971.922363 0.0609218
6972.000000 0.0610687
6973.000000 0.0629551
6974.000000 0.0648461
6975.000000 0.0667363
6976.000000 0.0686258
6977.000000 0.0705084
6978.000000 0.0723962
6979.000000 0.0742833
6980.000000 0.0761631
6981.000000 0.0780486
6981.925293 0.0797926
6982.000000 0.079956
6983.000000 0.0821427
6984.000000 0.0843213
6985.000000 0.0865062
6986.000000 0.0886902
6987.000000 0.0908733
6988.000000 0.0930476
6989.000000 0.0952288
6990.000000 0.0974092
6991.000000 0.0995888
6991.927734 0.101602
6992.000000 0.101775
6993.000000 0.104185
6994.000000 0.106593
6995.000000 0.108991
6996.000000 0.111397
6997.000000 0.113802
6998.000000 0.116206
6999.000000 0.118599
7000.000000 0.121001
7001.000000 0.123389
7001.930664 0.12561
7002.000000 0.125773
7003.000000 0.128115
7004.000000 0.130465
7005.000000 0.132815
7006.000000 0.135151
7007.000000 0.137497
7008.000000 0.139842
7009.000000 0.142186
7010.000000 0.144515
7011.000000 0.146855
7011.933105 0.149038
7012.000000 0.149179
7013.000000 0.151289
7014.000000 0.153384
7015.000000 0.155491
7016.000000 0.157597
7017.000000 0.159687
7018.000000 0.16179
7019.000000 0.163892
7020.000000 0.165992
7021.000000 0.168077
7021.936035 0.17004
7022.000000 0.170154
7023.000000 0.171931
7024.000000 0.173707
7025.000000 0.175466
7026.000000 0.17724
7027.000000 0.179012
7028.000000 0.180768
7029.000000 0.182538
7030.000000 0.184307
7031.000000 0.186068
7031.938477 0.187705
7032.000000 0.187791
7033.000000 0.189218
7034.000000 0.190644
7035.000000 0.192069
7036.000000 0.193477
7037.000000 0.1949
7038.000000 0.196322
7039.000000 0.197725
7040.000000 0.199145
7041.000000 0.200564
7041.941406 0.201899
7042.000000 0.201957
7043.000000 0.202928
7044.000000 0.203916
7045.000000 0.204903
7046.000000 0.205889
7047.000000 0.206856
7048.000000 0.207841
7049.000000 0.208825
7050.000000 0.209791
7051.000000 0.210773
7051.943848 0.2117
7052.000000 0.211737
7053.000000 0.212404
7054.000000 0.213052
7055.000000 0.213718
7056.000000 0.214384
7057.000000 0.21503
7058.000000 0.215694
7059.000000 0.216358
7060.000000 0.217022
7061.000000 0.217666
7061.946777 0.218293
7062.000000 0.218317
7063.000000 0.218765
7064.000000 0.219193
7065.000000 0.21964
7066.000000 0.220087
7067.000000 0.220533
7068.000000 0.22096
7069.000000 0.221406
7070.000000 0.221852
7071.000000 0.222277
7071.949219 0.2227
7072.000000 0.222714
7073.000000 0.22299
7074.000000 0.223266
7075.000000 0.223522
7076.000000 0.223798
7077.000000 0.224073
7078.000000 0.224348
7079.000000 0.224604
7080.000000 0.224879
7081.000000 0.225153
7081.952148 0.225396
7082.000000 0.225405
7083.000000 0.225611
7084.000000 0.225818
7085.000000 0.226024
7086.000000 0.226211
7087.000000 0.226417
7088.000000 0.226622
7089.000000 0.226808
7090.000000 0.227014
7091.000000 0.227219
7091.954590 0.227415
7092.000000 0.227421
7093.000000 0.227536
7094.000000 0.22767
7095.000000 0.227804
7096.000000 0.227918
7097.000000 0.228052
7098.000000 0.228186
7099.000000 0.22832
7100.000000 0.228433
7101.000000 0.228567
7101.957520 0.228694
7102.000000 0.228699
7103.000000 0.228795
7104.000000 0.22891
7105.000000 0.229025
7106.000000 0.22914
7107.000000 0.229236
7108.000000 0.22935
7109.000000 0.229465
7110.000000 0.22956
7111.000000 0.229674
7111.959961 0.229784
7112.000000 0.229788
7113.000000 0.229874
7114.000000 0.22994
7115.000000 0.230026
7116.000000 0.230112
7117.000000 0.230177
7118.000000 0.230263
7119.000000 0.230349
7120.000000 0.230414
7121.000000 0.230499
7121.962891 0.230581
7122.000000 0.230584
7123.000000 0.230658
7124.000000 0.230712
7125.000000 0.230786
7126.000000 0.230859
7127.000000 0.230913
7128.000000 0.230986
7129.000000 0.23106
7130.000000 0.231133
7131.000000 0.231186
7131.965332 0.231257
7132.000000 0.231258
7133.000000 0.231306
7134.000000 0.231333
7135.000000 0.23138
7136.000000 0.231427
7137.000000 0.231474
7138.000000 0.231501
7139.000000 0.231548
7140.000000 0.231594
7141.000000 0.231621
7141.968262 0.231666
7142.000000 0.231667
7143.000000 0.231704
7144.000000 0.23172
7145.000000 0.231757
7146.000000 0.231793
7147.000000 0.231829
7148.000000 0.231845
7149.000000 0.231881
7150.000000 0.231917
7151.000000 0.231933
7151.970703 0.231968
7152.000000 0.23197
7153.000000 0.232007
7154.000000 0.232044
7155.000000 0.23206
7156.000000 0.232097
7157.000000 0.232134
7158.000000 0.232151
7159.000000 0.232188
7160.000000 0.232224
7161.000000 0.232241
7161.973633 0.232276
7162.000000 0.232277
7163.000000 0.23228
7164.000000 0.232284
7165.000000 0.232268
7166.000000 0.232272
7167.000000 0.232276
7168.000000 0.232259
7169.000000 0.232263
7170.000000 0.232267
7171.000000 0.23225
7171.976074 0.232254
7172.000000 0.232254
7173.000000 0.232246
7174.000000 0.232239
7175.000000 0.232212
7176.000000 0.232205
7177.000000 0.232198
7178.000000 0.23217
7179.000000 0.232163
7180.000000 0.232156
7181.000000 0.232128
7181.979004 0.232121
7182.000000 0.23212
7183.000000 0.232077
7184.000000 0.232035
7185.000000 0.231972
7186.000000 0.231929
7187.000000 0.231887
7188.000000 0.231824
7189.000000 0.231782
7190.000000 0.231739
7191.000000 0.231676
7191.981934 0.231634
7192.000000 0.231633
7193.000000 0.231545
7194.000000 0.231457
7195.000000 0.231349
7196.000000 0.231261
7197.000000 0.231174
7198.000000 0.231066
7199.000000 0.230978
7200.000000 0.23089
7201.000000 0.230783
7201.984375 0.230697
7202.000000 0.230695
7203.000000 0.230614
7204.000000 0.230513
7205.000000 0.230431
7206.000000 0.23035
7207.000000 0.230269
7208.000000 0.230168
7209.000000 0.230087
7210.000000 0.230005
7211.000000 0.229904
7211.987305 0.229824
7212.000000 0.229823
7213.000000 0.229691
7214.000000 0.22954
7215.000000 0.229409
7216.000000 0.229278
7217.000000 0.229147
7218.000000 0.228996
7219.000000 0.228865
7220.000000 0.228734
7221.000000 0.228584
7221.989746 0.228454
7222.000000 0.228453
7223.000000 0.228316
7224.000000 0.228159
7225.000000 0.228022
7226.000000 0.227885
7227.000000 0.227728
7228.000000 0.227591
7229.000000 0.227454
7230.000000 0.227318
7231.000000 0.227152
7231.992676 0.227008
7232.000000 0.227007
7233.000000 0.226872
7234.000000 0.226718
7235.000000 0.226583
7236.000000 0.226449
7237.000000 0.226295
7238.000000 0.22616
7239.000000 0.226026
7240.000000 0.225872
7241.000000 0.225738
7241.995117 0.225605
7242.000000 0.225604
7243.000000 0.225426
7244.000000 0.225268
7245.000000 0.22511
7246.000000 0.224952
7247.000000 0.224775
7248.000000 0.224617
7249.000000 0.224459
7250.000000 0.224282
7251.000000 0.224125
7251.998047 0.223968
7252.000000 0.223967
7253.000000 0.223804
7254.000000 0.223661
7255.000000 0.223518
7256.000000 0.223355
7257.000000 0.223212
7258.000000 0.223068
7259.000000 0.222906
7260.000000 0.222763
7261.000000 0.22262
7262.000000 0.222477
7262.000488 0.222477
7263.000000 0.222311
7264.000000 0.222165
7265.000000 0.222018
7266.000000 0.221852
7267.000000 0.221706
7268.000000 0.22156
7269.000000 0.221394
7270.000000 0.221248
7271.000000 0.221102
7272.000000 0.220937
7272.003418 0.220937
7273.000000 0.220817
7274.000000 0.220697
7275.000000 0.220559
7276.000000 0.220439
7277.000000 0.220319
7278.000000 0.220181
7279.000000 0.220061
7280.000000 0.219942
7281.000000 0.219822
7282.000000 0.219684
7282.005859 0.219683
7283.000000 0.219556
7284.000000 0.219429
7285.000000 0.219283
7286.000000 0.219156
7287.000000 0.219029
7288.000000 0.218883
7289.000000 0.218756
7290.000000 0.218629
7291.000000 0.218483
7292.000000 0.218356
7292.008789 0.218355
7293.000000 0.218257
7294.000000 0.218138
7295.000000 0.218039
7296.000000 0.21794
7297.000000 0.217822
7298.000000 0.217722
7299.000000 0.217623
7300.000000 0.217505
7301.000000 0.217406
7302.000000 0.217307
7302.011230 0.217306
7303.000000 0.217229
7304.000000 0.217133
7305.000000 0.217056
7306.000000 0.216978
7307.000000 0.216882
7308.000000 0.216805
7309.000000 0.216727
7310.000000 0.216631
7311.000000 0.216554
7312.000000 0.216477
7312.014160 0.216476
7313.000000 0.216368
7314.000000 0.216277
7315.000000 0.216187
7316.000000 0.216077
7317.000000 0.215987
7318.000000 0.215897
7319.000000 0.215787
7320.000000 0.215697
7321.000000 0.215607
7322.000000 0.215498
7322.016602 0.215496
7323.000000 0.215453
7324.000000 0.215409
7325.000000 0.215347
7326.000000 0.215303
7327.000000 0.215259
7328.000000 0.215197
7329.000000 0.215153
7330.000000 0.215109
7331.000000 0.215047
7332.000000 0.215003
7332.019531 0.215002
7333.000000 0.214958
7334.000000 0.214895
7335.000000 0.21485
7336.000000 0.214806
7337.000000 0.214742
7338.000000 0.214698
7339.000000 0.214653
7340.000000 0.214608
7341.000000 0.214545
7342.000000 0.2145
7342.021973 0.214499
7343.000000 0.21448
7344.000000 0.214441
7345.000000 0.21442
7346.000000 0.2144
7347.000000 0.214361
7348.000000 0.214341
7349.000000 0.21432
7350.000000 0.214281
7351.000000 0.214261
7352.000000 0.21424
7352.024902 0.214239
7353.000000 0.214186
7354.000000 0.214149
7355.000000 0.214113
7356.000000 0.214058
7357.000000 0.214021
7358.000000 0.213985
7359.000000 0.21393
7360.000000 0.213893
7361.000000 0.213857
7362.000000 0.213802
7362.027344 0.213801
7363.000000 0.213763
7364.000000 0.213723
7365.000000 0.213665
7366.000000 0.213625
7367.000000 0.213586
7368.000000 0.213528
7369.000000 0.213488
7370.000000 0.213449
7371.000000 0.213391
7372.000000 0.213351
7372.030273 0.21335
7373.000000 0.213341
7374.000000 0.213314
7375.000000 0.213305
7376.000000 0.213296
7377.000000 0.213269
7378.000000 0.21326
7379.000000 0.213251
7380.000000 0.213223
7381.000000 0.213214
7382.000000 0.213205
7382.032715 0.213204
7383.000000 0.213162
7384.000000 0.213138
7385.000000 0.213113
7386.000000 0.21307
7387.000000 0.213045
7388.000000 0.21302
7389.000000 0.212977
7390.000000 0.212952
7391.000000 0.212927
7392.000000 0.212884
7392.035645 0.212883
7393.000000 0.212845
7394.000000 0.212805
7395.000000 0.212747
7396.000000 0.212707
7397.000000 0.212668
7398.000000 0.212609
7399.000000 0.21257
7400.000000 0.21253
7401.000000 0.212472
7402.000000 0.212433
7402.038086 0.212431
7403.000000 0.212391
7404.000000 0.21233
7405.000000 0.212288
7406.000000 0.212246
7407.000000 0.212186
7408.000000 0.212144
7409.000000 0.212102
7410.000000 0.212041
7411.000000 0.211999
7412.000000 0.211938
7412.041016 0.211937
7413.000000 0.21187
7414.000000 0.2118
7415.000000 0.211711
7416.000000 0.211641
7417.000000 0.211571
7418.000000 0.211483
7419.000000 0.211413
7420.000000 0.211343
7421.000000 0.211255
7422.000000 0.211185
7422.043457 0.211182
7423.000000 0.211121
7424.000000 0.211039
7425.000000 0.210976
7426.000000 0.210912
7427.000000 0.21083
7428.000000 0.210766
7429.000000 0.210703
7430.000000 0.210621
7431.000000 0.210568
7432.000000 0.210516
7432.046387 0.210513
7433.000000 0.210414
7434.000000 0.210329
7435.000000 0.210244
7436.000000 0.210141
7437.000000 0.210056
7438.000000 0.209971
7439.000000 0.209868
7440.000000 0.209783
7441.000000 0.209698
7442.000000 0.209595
7442.049316 0.209591
7443.000000 0.209531
7444.000000 0.209467
7445.000000 0.209386
7446.000000 0.209322
7447.000000 0.209259
7448.000000 0.209177
7449.000000 0.209114
7450.000000 0.209033
7451.000000 0.208969
7452.000000 0.208906
7452.051758 0.208902
7453.000000 0.208804
7454.000000 0.208719
7455.000000 0.208634
7456.000000 0.208531
7457.000000 0.208446
7458.000000 0.208361
7459.000000 0.208258
7460.000000 0.208173
7461.000000 0.208089
7462.000000 0.207986
7462.054688 0.207981
7463.000000 0.207878
7464.000000 0.207769
7465.000000 0.207642
7466.000000 0.207533
7467.000000 0.207424
7468.000000 0.207297
7469.000000 0.207188
7470.000000 0.20708
7471.000000 0.206953
7472.000000 0.206844
7472.057129 0.206837
7473.000000 0.206724
7474.000000 0.206622
7475.000000 0.20652
7476.000000 0.206401
7477.000000 0.206299
7478.000000 0.206197
7479.000000 0.206078
7480.000000 0.205976
7481.000000 0.205875
7482.000000 0.205756
7482.060059 0.20575
7483.000000 0.205662
7484.000000 0.205569
7485.000000 0.205458
7486.000000 0.205365
7487.000000 0.205273
7488.000000 0.205162
7489.000000 0.205069
7490.000000 0.204958
7491.000000 0.204866
7492.000000 0.204773
7492.062500 0.204766
7493.000000 0.204667
7494.000000 0.204578
7495.000000 0.20449
7496.000000 0.204384
7497.000000 0.204295
7498.000000 0.204207
7499.000000 0.204101
7500.000000 0.204013
7501.000000 0.203918
7502.000000 0.203805
7502.065430 0.203799
7503.000000 0.203693
7504.000000 0.203579
7505.000000 0.203448
7506.000000 0.203335
7507.000000 0.203204
7508.000000 0.203091
7509.000000 0.202977
7510.000000 0.202846
7511.000000 0.202734
7512.000000 0.202621
7512.067871 0.202612
7513.000000 0.202501
7514.000000 0.202399
7515.000000 0.202297
7516.000000 0.202178
7517.000000 0.202076
7518.000000 0.201975
7519.000000 0.201856
7520.000000 0.201754
7521.000000 0.201635
7522.000000 0.201534
7522.070801 0.201527
7523.000000 0.201447
7524.000000 0.201344
7525.000000 0.201258
7526.000000 0.201173
7527.000000 0.201069
7528.000000 0.200984
7529.000000 0.200898
7530.000000 0.200795
7531.000000 0.200709
7532.000000 0.200624
7532.073242 0.200616
7533.000000 0.200516
7534.000000 0.200425
7535.000000 0.200316
7536.000000 0.200225
7537.000000 0.200134
7538.000000 0.200026
7539.000000 0.199935
7540.000000 0.199844
7541.000000 0.199736
7542.000000 0.199645
7542.076172 0.199638
7543.000000 0.19956
7544.000000 0.199459
7545.000000 0.199375
7546.000000 0.199273
7547.000000 0.199189
7548.000000 0.199105
7549.000000 0.199004
7550.000000 0.19892
7551.000000 0.198836
7552.000000 0.198735
7552.078613 0.198728
7553.000000 0.19866
7554.000000 0.198587
7555.000000 0.198496
7556.000000 0.198422
7557.000000 0.198331
7558.000000 0.198258
7559.000000 0.198184
7560.000000 0.198093
7561.000000 0.198019
7562.000000 0.197946
7562.081543 0.197938
7563.000000 0.197851
7564.000000 0.197773
7565.000000 0.197696
7566.000000 0.197601
7567.000000 0.197523
7568.000000 0.197428
7569.000000 0.19735
7570.000000 0.197273
7571.000000 0.197178
7572.000000 0.1971
7572.083984 0.197094
7573.000000 0.197047
7574.000000 0.196979
7575.000000 0.196928
7576.000000 0.196877
7577.000000 0.196809
7578.000000 0.196758
7579.000000 0.19669
7580.000000 0.196639
7581.000000 0.196588
7582.000000 0.19652
7582.086914 0.196516
7583.000000 0.19647
7584.000000 0.19642
7585.000000 0.196352
7586.000000 0.196302
7587.000000 0.196234
7588.000000 0.196184
7589.000000 0.196134
7590.000000 0.196066
7591.000000 0.196016
7592.000000 0.195965
7592.089844 0.195959
7593.000000 0.195888
7594.000000 0.195827
7595.000000 0.195765
7596.000000 0.195687
7597.000000 0.195626
7598.000000 0.195547
7599.000000 0.195486
7600.000000 0.195425
7601.000000 0.195347
7602.000000 0.195285
7602.092285 0.19528
7603.000000 0.195239
7604.000000 0.195176
7605.000000 0.195131
7606.000000 0.195068
7607.000000 0.195023
7608.000000 0.194978
7609.000000 0.194915
7610.000000 0.19487
7611.000000 0.194825
7612.000000 0.194762
7612.095215 0.194758
7613.000000 0.194702
7614.000000 0.194624
7615.000000 0.194563
7616.000000 0.194501
7617.000000 0.194423
7618.000000 0.194361
7619.000000 0.1943
7620.000000 0.194221
7621.000000 0.19416
7622.000000 0.194082
7622.097656 0.194076
7623.000000 0.194036
7624.000000 0.193991
7625.000000 0.19393
7626.000000 0.193885
7627.000000 0.193841
7628.000000 0.19378
7629.000000 0.193735
7630.000000 0.193674
7631.000000 0.193608
7632.000000 0.193542
7632.100586 0.193533
7633.000000 0.193458
7634.000000 0.193392
7635.000000 0.193326
7636.000000 0.193242
7637.000000 0.193176
7638.000000 0.193093
7639.000000 0.193026
7640.000000 0.19296
7641.000000 0.192877
7642.000000 0.19281
7642.103027 0.192803
7643.000000 0.192722
7644.000000 0.192615
7645.000000 0.192524
7646.000000 0.192417
7647.000000 0.192327
7648.000000 0.192236
7649.000000 0.192129
7650.000000 0.192039
7651.000000 0.191948
7652.000000 0.191841
7652.105957 0.191832
7653.000000 0.191757
7654.000000 0.191657
7655.000000 0.191573
7656.000000 0.19149
7657.000000 0.19139
7658.000000 0.191306
7659.000000 0.191206
7660.000000 0.191123
7661.000000 0.191039
7662.000000 0.190939
7662.108398 0.19093
7663.000000 0.190849
7664.000000 0.190757
7665.000000 0.190649
7666.000000 0.190558
7667.000000 0.19045
7668.000000 0.190358
7669.000000 0.190267
7670.000000 0.190159
7671.000000 0.190068
7672.000000 0.189976
7672.111328 0.189964
7673.000000 0.189882
7674.000000 0.189806
7675.000000 0.189714
7676.000000 0.189638
7677.000000 0.189562
7678.000000 0.18947
7679.000000 0.189394
7680.000000 0.189301
7681.000000 0.189226
7682.000000 0.18915
7682.113770 0.189139
7683.000000 0.189046
7684.000000 0.188957
7685.000000 0.188868
7686.000000 0.188763
7687.000000 0.188674
7688.000000 0.188569
7689.000000 0.18848
7690.000000 0.188392
7691.000000 0.188287
7692.000000 0.188198
7692.116699 0.188186
7693.000000 0.188104
7694.000000 0.188028
7695.000000 0.187951
7696.000000 0.187858
7697.000000 0.187782
7698.000000 0.187689
7699.000000 0.187613
7700.000000 0.187537
7701.000000 0.187444
7702.000000 0.187368
7702.119141 0.187359
7703.000000 0.187262
7704.000000 0.187136
7705.000000 0.187027
7706.000000 0.186901
7707.000000 0.186792
7708.000000 0.186682
7709.000000 0.186556
7710.000000 0.186447
7711.000000 0.186322
7712.000000 0.186212
7712.122070 0.186199
7713.000000 0.186129
7714.000000 0.186033
7715.000000 0.185953
7716.000000 0.185857
7717.000000 0.185778
7718.000000 0.185698
7719.000000 0.185602
7720.000000 0.185522
7721.000000 0.185443
7722.000000 0.185347
7722.124512 0.185337
7723.000000 0.185236
7724.000000 0.185103
7725.000000 0.184988
7726.000000 0.184872
7727.000000 0.18474
7728.000000 0.184624
7729.000000 0.184492
7730.000000 0.184377
7731.000000 0.184262
7732.000000 0.18413
7732.127441 0.184115
7733.000000 0.184038
7734.000000 0.183933
7735.000000 0.183844
7736.000000 0.183756
7737.000000 0.183651
7738.000000 0.183563
7739.000000 0.183458
7740.000000 0.183369
7741.000000 0.183281
7742.000000 0.183176
7742.129883 0.183165
7743.000000 0.183065
7744.000000 0.182934
7745.000000 0.182819
7746.000000 0.182705
7747.000000 0.182574
7748.000000 0.18246
7749.000000 0.182329
7750.000000 0.182215
7751.000000 0.1821
7752.000000 0.18197
7752.132812 0.181955
7753.000000 0.181871
7754.000000 0.181758
7755.000000 0.181661
7756.000000 0.181564
7757.000000 0.181451
7758.000000 0.181354
7759.000000 0.181258
7760.000000 0.181145
7761.000000 0.181048
7762.000000 0.180936
7762.135254 0.180923
7763.000000 0.180838
7764.000000 0.180741
7765.000000 0.180627
7766.000000 0.180529
7767.000000 0.180416
7768.000000 0.180318
7769.000000 0.180221
7770.000000 0.180108
7771.000000 0.18001
7772.000000 0.179897
7772.138184 0.179884
7773.000000 0.179805
7774.000000 0.179714
7775.000000 0.179606
7776.000000 0.179515
7777.000000 0.179408
7778.000000 0.179317
7779.000000 0.179226
7780.000000 0.179118
7781.000000 0.179027
7782.000000 0.17892
7782.140625 0.178908
7783.000000 0.178812
7784.000000 0.178702
7785.000000 0.178575
7786.000000 0.178464
7787.000000 0.178338
7788.000000 0.178227
7789.000000 0.178101
7790.000000 0.177991
7791.000000 0.17788
7792.000000 0.177754
7792.143555 0.177738
7793.000000 0.177672
7794.000000 0.177579
7795.000000 0.177501
7796.000000 0.177423
7797.000000 0.17733
7798.000000 0.177253
7799.000000 0.177159
7800.000000 0.177082
7801.000000 0.177005
7802.000000 0.176911
7802.145996 0.1769
7803.000000 0.176823
7804.000000 0.176718
7805.000000 0.176628
7806.000000 0.176538
7807.000000 0.176432
7808.000000 0.176343
7809.000000 0.176237
7810.000000 0.176148
7811.000000 0.176058
7812.000000 0.175952
7812.148926 0.175939
7813.000000 0.175856
7814.000000 0.175742
7815.000000 0.175644
7816.000000 0.175546
7817.000000 0.175432
7818.000000 0.175334
7819.000000 0.175221
7820.000000 0.175123
7821.000000 0.175025
7822.000000 0.174912
7822.151367 0.174897
7823.000000 0.174809
7824.000000 0.174691
7825.000000 0.174588
7826.000000 0.174469
7827.000000 0.174366
7828.000000 0.174263
7829.000000 0.174145
7830.000000 0.174042
7831.000000 0.17394
7832.000000 0.173854
7832.154297 0.173841
7833.000000 0.173794
7834.000000 0.173723
7835.000000 0.173668
7836.000000 0.173597
7837.000000 0.173541
7838.000000 0.173486
7839.000000 0.173415
7840.000000 0.17336
7841.000000 0.173289
7842.000000 0.173234
7842.157227 0.173223
7843.000000 0.173158
7844.000000 0.173097
7845.000000 0.173037
7846.000000 0.17296
7847.000000 0.1729
7848.000000 0.172823
7849.000000 0.172763
7850.000000 0.172702
7851.000000 0.172626
7852.000000 0.172565
7852.159668 0.172553
7853.000000 0.172481
7854.000000 0.172411
7855.000000 0.172341
7856.000000 0.172256
7857.000000 0.172186
7858.000000 0.172101
7859.000000 0.172032
7860.000000 0.171946
7861.000000 0.171877
7862.000000 0.171807
7862.162598 0.171793
7863.000000 0.171738
7864.000000 0.171688
7865.000000 0.171622
7866.000000 0.171572
7867.000000 0.171521
7868.000000 0.171456
7869.000000 0.171405
7870.000000 0.17134
7871.000000 0.171289
7872.000000 0.171224
7872.165039 0.171215
7873.000000 0.171161
7874.000000 0.171095
7875.000000 0.171014
7876.000000 0.170948
7877.000000 0.170867
7878.000000 0.170802
7879.000000 0.170736
7880.000000 0.170655
7881.000000 0.17059
7882.000000 0.170509
7882.167969 0.170498
7883.000000 0.170453
7884.000000 0.170383
7885.000000 0.170329
7886.000000 0.170274
7887.000000 0.170205
7888.000000 0.170151
7889.000000 0.170081
7890.000000 0.170027
7891.000000 0.169957
7892.000000 0.169903
7892.170410 0.169894
7893.000000 0.169851
7894.000000 0.169785
7895.000000 0.169734
7896.000000 0.169668
7897.000000 0.169617
7898.000000 0.169566
7899.000000 0.1695
7900.000000 0.169449
7901.000000 0.169382
7902.000000 0.169331
7902.173340 0.16932
7903.000000 0.169256
7904.000000 0.169194
7905.000000 0.169132
7906.000000 0.169055
7907.000000 0.168993
7908.000000 0.168916
7909.000000 0.168854
7910.000000 0.168777
7911.000000 0.168716
7912.000000 0.168654
7912.175781 0.16864
7913.000000 0.168601
7914.000000 0.168569
7915.000000 0.168522
7916.000000 0.16849
7917.000000 0.168458
7918.000000 0.168411
7919.000000 0.168379
7920.000000 0.168332
7921.000000 0.1683
7922.000000 0.168253
7922.178711 0.168247
7923.000000 0.168205
7924.000000 0.168155
7925.000000 0.168089
7926.000000 0.168038
7927.000000 0.167972
7928.000000 0.167921
7929.000000 0.167855
7930.000000 0.167804
7931.000000 0.167753
7932.000000 0.167687
7932.181152 0.167678
7933.000000 0.167626
7934.000000 0.167548
7935.000000 0.167484
7936.000000 0.167406
7937.000000 0.167343
7938.000000 0.167279
7939.000000 0.167201
7940.000000 0.167138
7941.000000 0.16706
7942.000000 0.166996
7942.184082 0.166982
7943.000000 0.166935
7944.000000 0.166892
7945.000000 0.166848
7946.000000 0.16679
7947.000000 0.166747
7948.000000 0.166689
7949.000000 0.166646
7950.000000 0.166588
7951.000000 0.166545
7952.000000 0.166502
7952.186523 0.166491
7953.000000 0.166426
7954.000000 0.166361
7955.000000 0.166281
7956.000000 0.166216
7957.000000 0.166136
7958.000000 0.166071
7959.000000 0.166006
7960.000000 0.165926
7961.000000 0.165861
7962.000000 0.165781
7962.189453 0.165769
7963.000000 0.165742
7964.000000 0.165694
7965.000000 0.165661
7966.000000 0.165627
7967.000000 0.165579
7968.000000 0.165546
7969.000000 0.165498
7970.000000 0.165465
7971.000000 0.165417
7972.000000 0.165383
7972.191895 0.165374
7973.000000 0.165314
7974.000000 0.165255
7975.000000 0.165195
7976.000000 0.165121
7977.000000 0.165062
7978.000000 0.164988
7979.000000 0.164928
7980.000000 0.164854
7981.000000 0.164796
7982.000000 0.164738
7982.194824 0.164724
7983.000000 0.164651
7984.000000 0.164575
7985.000000 0.164484
7986.000000 0.164409
7987.000000 0.164318
7988.000000 0.164242
7989.000000 0.164166
7990.000000 0.164076
7991.000000 0.164003
7992.000000 0.163915
7992.197754 0.163901
7993.000000 0.163854
7994.000000 0.163781
7995.000000 0.163723
7996.000000 0.16365
7997.000000 0.163592
7998.000000 0.163533
7999.000000 0.163461
8000.000000 0.163402
8001.000000 0.163315
8002.000000 0.163241
8002.200195 0.163224
8003.000000 0.163171
8004.000000 0.163119
8005.000000 0.163053
8006.000000 0.163001
8007.000000 0.162949
8008.000000 0.162883
8009.000000 0.162831
8010.000000 0.162765
8011.000000 0.162715
8012.000000 0.162651
8012.203125 0.162641
8013.000000 0.162582
8014.000000 0.162508
8015.000000 0.162419
8016.000000 0.162345
8017.000000 0.162256
8018.000000 0.162182
8019.000000 0.162093
8020.000000 0.162019
8021.000000 0.161931
8022.000000 0.161858
8022.205566 0.161843
8023.000000 0.161806
8024.000000 0.161744
8025.000000 0.161697
8026.000000 0.161635
8027.000000 0.161587
8028.000000 0.161526
8029.000000 0.161478
8030.000000 0.161416
8031.000000 0.161371
8032.000000 0.161326
8032.208496 0.161313
8033.000000 0.161254
8034.000000 0.161193
8035.000000 0.161118
8036.000000 0.161057
8037.000000 0.160982
8038.000000 0.160922
8039.000000 0.160846
8040.000000 0.160786
8041.000000 0.160725
8042.000000 0.16065
8042.210938 0.160637
8043.000000 0.160572
8044.000000 0.160474
8045.000000 0.160391
8046.000000 0.160294
8047.000000 0.16021
8048.000000 0.160113
8049.000000 0.16003
8050.000000 0.159947
8051.000000 0.159849
8052.000000 0.159766
8052.213867 0.159746
8053.000000 0.159677
8054.000000 0.159604
8055.000000 0.159517
8056.000000 0.159445
8057.000000 0.159357
8058.000000 0.159285
8059.000000 0.159212
8060.000000 0.159125
8061.000000 0.159052
8062.000000 0.158965
8062.216309 0.15895
8063.000000 0.158904
8064.000000 0.158832
8065.000000 0.158774
8066.000000 0.158702
8067.000000 0.158644
8068.000000 0.158572
8069.000000 0.158514
8070.000000 0.158456
8071.000000 0.158384
8072.000000 0.158326
8072.219238 0.15831
8073.000000 0.158256
8074.000000 0.158202
8075.000000 0.158133
8076.000000 0.158078
8077.000000 0.158009
8078.000000 0.157955
8079.000000 0.1579
8080.000000 0.157831
8081.000000 0.157776
8082.000000 0.157707
8082.221680 0.157695
8083.000000 0.157642
8084.000000 0.157559
8085.000000 0.157491
8086.000000 0.157408
8087.000000 0.15734
8088.000000 0.157257
8089.000000 0.157189
8090.000000 0.15712
8091.000000 0.157038
8092.000000 0.156969
8092.224609 0.156951
8093.000000 0.15688
8094.000000 0.156802
8095.000000 0.15671
8096.000000 0.156633
8097.000000 0.156541
8098.000000 0.156464
8099.000000 0.156372
8100.000000 0.156295
8101.000000 0.156218
8102.000000 0.156126
8102.227539 0.156108
8103.000000 0.156057
8104.000000 0.155977
8105.000000 0.155911
8106.000000 0.155831
8107.000000 0.155765
8108.000000 0.155684
8109.000000 0.155618
8110.000000 0.155538
8111.000000 0.155472
8112.000000 0.155406
8112.229980 0.155387
8113.000000 0.155318
8114.000000 0.155243
8115.000000 0.155153
8116.000000 0.155078
8117.000000 0.154988
8118.000000 0.154913
8119.000000 0.154823
8120.000000 0.154748
8121.000000 0.154658
8122.000000 0.154583
8122.232910 0.154562
8123.000000 0.154485
8124.000000 0.154399
8125.000000 0.154313
8126.000000 0.154213
8127.000000 0.154126
8128.000000 0.154026
8129.000000 0.15394
8130.000000 0.15384
8131.000000 0.153754
8132.000000 0.153654
8132.235352 0.153634
8133.000000 0.15358
8134.000000 0.153495
8135.000000 0.153424
8136.000000 0.153339
8137.000000 0.153268
8138.000000 0.153197
8139.000000 0.153112
8140.000000 0.153042
8141.000000 0.152957
8142.000000 0.152886
8142.238281 0.152866
8143.000000 0.152777
8144.000000 0.152674
8145.000000 0.152558
8146.000000 0.152455
8147.000000 0.152339
8148.000000 0.152236
8149.000000 0.15212
8150.000000 0.152017
8151.000000 0.151915
8152.000000 0.151799
8152.240723 0.151774
8153.000000 0.151705
8154.000000 0.151601
8155.000000 0.151511
8156.000000 0.151407
8157.000000 0.151317
8158.000000 0.151213
8159.000000 0.151122
8160.000000 0.151019
8161.000000 0.150928
8162.000000 0.150825
8162.243652 0.150803
8163.000000 0.150734
8164.000000 0.15063
8165.000000 0.15054
8166.000000 0.15045
8167.000000 0.150346
8168.000000 0.150255
8169.000000 0.150152
8170.000000 0.150061
8171.000000 0.149958
8172.000000 0.149867
8172.246094 0.149842
8173.000000 0.149745
8174.000000 0.149629
8175.000000 0.1495
8176.000000 0.149385
8177.000000 0.149256
8178.000000 0.149141
8179.000000 0.149013
8180.000000 0.148897
8181.000000 0.148782
8182.000000 0.148654
8182.249023 0.148625
8183.000000 0.148547
8184.000000 0.148428
8185.000000 0.148324
8186.000000 0.148205
8187.000000 0.148101
8188.000000 0.147983
8189.000000 0.147878
8190.000000 0.14776
8191.000000 0.147655
8192.000000 0.147538
8192.251953 0.147511
8193.000000 0.147428
8194.000000 0.147303
8195.000000 0.147191
8196.000000 0.147067
8197.000000 0.146955
8198.000000 0.146844
8199.000000 0.146719
8200.000000 0.146608
8201.000000 0.146485
8202.000000 0.146376
8202.253906 0.146345
8203.000000 0.14625
8204.000000 0.146137
8205.000000 0.14601
8206.000000 0.145896
8207.000000 0.14577
8208.000000 0.145656
8209.000000 0.14553
8210.000000 0.145417
8211.000000 0.14529
8212.000000 0.145177
8212.256836 0.145145
8213.000000 0.145054
8214.000000 0.144944
8215.000000 0.144822
8216.000000 0.144713
8217.000000 0.144604
8218.000000 0.144481
8219.000000 0.144372
8220.000000 0.14425
8221.000000 0.144141
8222.000000 0.144019
8222.259766 0.143991
8223.000000 0.143914
8224.000000 0.143797
8225.000000 0.143693
8226.000000 0.143576
8227.000000 0.143472
8228.000000 0.143356
8229.000000 0.143252
8230.000000 0.143135
8231.000000 0.14304
8232.000000 0.142932
8232.262695 0.142907
8233.000000 0.142851
8234.000000 0.142763
8235.000000 0.142687
8236.000000 0.142599
8237.000000 0.142524
8238.000000 0.142448
8239.000000 0.14236
8240.000000 0.142284
8241.000000 0.142196
8242.000000 0.142121
8242.264648 0.142097
8243.000000 0.142026
8244.000000 0.141941
8245.000000 0.141843
8246.000000 0.141758
8247.000000 0.14166
8248.000000 0.141575
8249.000000 0.141478
8250.000000 0.141393
8251.000000 0.141295
8252.000000 0.14121
8252.267578 0.141184
8253.000000 0.141125
8254.000000 0.141058
8255.000000 0.140977
8256.000000 0.14091
8257.000000 0.140829
8258.000000 0.140762
8259.000000 0.140681
8260.000000 0.140614
8261.000000 0.140533
8262.000000 0.140466
8262.270508 0.140447
8263.000000 0.140403
8264.000000 0.14033
8265.000000 0.140269
8266.000000 0.140196
8267.000000 0.140135
8268.000000 0.140062
8269.000000 0.140001
8270.000000 0.139928
8271.000000 0.139867
8272.000000 0.139794
8272.273438 0.139778
8273.000000 0.139753
8274.000000 0.139707
8275.000000 0.139674
8276.000000 0.139628
8277.000000 0.139594
8278.000000 0.139548
8279.000000 0.139515
8280.000000 0.139469
8281.000000 0.139435
8282.000000 0.139389
8282.276367 0.139379
8283.000000 0.139349
8284.000000 0.139294
8285.000000 0.139252
8286.000000 0.139198
8287.000000 0.139156
8288.000000 0.139101
8289.000000 0.139059
8290.000000 0.139004
8291.000000 0.138962
8292.000000 0.138907
8292.278320 0.138895
8293.000000 0.138867
8294.000000 0.138814
8295.000000 0.138775
8296.000000 0.138722
8297.000000 0.138682
8298.000000 0.13863
8299.000000 0.13859
8300.000000 0.13855
8301.000000 0.138498
8302.000000 0.138458
8302.281250 0.138443
8303.000000 0.138424
8304.000000 0.13841
8305.000000 0.138383
8306.000000 0.138369
8307.000000 0.138342
8308.000000 0.138328
8309.000000 0.138301
8310.000000 0.138287
8311.000000 0.13826
8312.000000 0.138245
8312.284180 0.138238
8313.000000 0.138192
8314.000000 0.13814
8315.000000 0.138076
8316.000000 0.138025
8317.000000 0.137961
8318.000000 0.137909
8319.000000 0.137845
8320.000000 0.137793
8321.000000 0.137729
8322.000000 0.137677
8322.287109 0.137659
8323.000000 0.137611
8324.000000 0.137557
8325.000000 0.13749
8326.000000 0.137436
8327.000000 0.137369
8328.000000 0.137314
8329.000000 0.137248
8330.000000 0.137193
8331.000000 0.137126
8332.000000 0.137072
8332.289062 0.137052
8333.000000 0.136995
8334.000000 0.136925
8335.000000 0.136844
8336.000000 0.136775
8337.000000 0.136693
8338.000000 0.136624
8339.000000 0.136543
8340.000000 0.136474
8341.000000 0.136392
8342.000000 0.136323
8342.291992 0.1363
8343.000000 0.136217
8344.000000 0.136112
8345.000000 0.135995
8346.000000 0.13589
8347.000000 0.135773
8348.000000 0.135669
8349.000000 0.135552
8350.000000 0.135448
8351.000000 0.135331
8352.000000 0.135226
8352.294922 0.135192
8353.000000 0.135094
8354.000000 0.134966
8355.000000 0.134827
8356.000000 0.1347
8357.000000 0.134561
8358.000000 0.134434
8359.000000 0.134295
8360.000000 0.134168
8361.000000 0.134029
8362.000000 0.133902
8362.297852 0.133861
8363.000000 0.133753
8364.000000 0.133611
8365.000000 0.133457
8366.000000 0.133315
8367.000000 0.133161
8368.000000 0.133019
8369.000000 0.132865
8370.000000 0.132724
8371.000000 0.13257
8372.000000 0.132429
8372.299805 0.132383
8373.000000 0.132277
8374.000000 0.132139
8375.000000 0.131989
8376.000000 0.131851
8377.000000 0.131701
8378.000000 0.131563
8379.000000 0.131413
8380.000000 0.131275
8381.000000 0.131125
8382.000000 0.130988
8382.302734 0.130943
8383.000000 0.130831
8384.000000 0.130683
8385.000000 0.130523
8386.000000 0.130375
8387.000000 0.130215
8388.000000 0.130068
8389.000000 0.129908
8390.000000 0.129761
8391.000000 0.129601
8392.000000 0.129454
8392.305664 0.129405
8393.000000 0.129306
8394.000000 0.129175
8395.000000 0.129032
8396.000000 0.1289
8397.000000 0.128758
8398.000000 0.128627
8399.000000 0.128484
8400.000000 0.128353
8401.000000 0.12822
8402.000000 0.128098
8402.308594 0.128057
8403.000000 0.127985
8404.000000 0.127892
8405.000000 0.127788
8406.000000 0.127695
8407.000000 0.127591
8408.000000 0.127498
8409.000000 0.127394
8410.000000 0.127301
8411.000000 0.127197
8412.000000 0.127105
8412.310547 0.127072
8413.000000 0.127014
8414.000000 0.12694
8415.000000 0.126855
8416.000000 0.126782
8417.000000 0.126697
8418.000000 0.126623
8419.000000 0.126538
8420.000000 0.126465
8421.000000 0.12638
8422.000000 0.126307
8422.313477 0.12628
8423.000000 0.126214
8424.000000 0.12613
8425.000000 0.126034
8426.000000 0.12595
8427.000000 0.125854
8428.000000 0.125769
8429.000000 0.125674
8430.000000 0.125589
8431.000000 0.125505
8432.000000 0.125421
8432.316406 0.125398
8433.000000 0.125293
8434.000000 0.125129
8435.000000 0.124975
8436.000000 0.124811
8437.000000 0.124657
8438.000000 0.124493
8439.000000 0.12434
8440.000000 0.124176
8441.000000 0.124023
8442.000000 0.123858
8442.319336 0.12381
8443.000000 0.123518
8444.000000 0.123078
8445.000000 0.12265
8446.000000 0.122211
8447.000000 0.121783
8448.000000 0.121345
8449.000000 0.120918
8450.000000 0.12048
8451.000000 0.120053
8452.000000 0.119616
8452.322266 0.119478
8453.000000 0.118853
8454.000000 0.11792
8455.000000 0.116998
8456.000000 0.116066
8457.000000 0.115146
8458.000000 0.114215
8459.000000 0.113296
8460.000000 0.112367
8461.000000 0.111449
8462.000000 0.110521
8462.324219 0.110224
8463.000000 0.109234
8464.000000 0.107762
8465.000000 0.1063
8466.000000 0.104829
8467.000000 0.10336
8468.000000 0.1019
8469.000000 0.100433
8470.000000 0.0989761
8471.000000 0.097511
8472.000000 0.0960559
8472.327148 0.0955772
8473.000000 0.0943087
8474.000000 0.0924332
8475.000000 0.0905505
8476.000000 0.0886775
8477.000000 0.0867977
8478.000000 0.0849272
8479.000000 0.0830503
8480.000000 0.0811823
8481.000000 0.0793084
8482.000000 0.077443
8482.330078 0.0768253
8483.000000 0.0754994
8484.000000 0.0735283
8485.000000 0.071552
8486.000000 0.0695836
8487.000000 0.0676103
8488.000000 0.0656445
8489.000000 0.0636742
8490.000000 0.0617112
8491.000000 0.0597441
8492.000000 0.0577786
8492.333008 0.0571262
8493.000000 0.0559526
8494.000000 0.0541891
8495.000000 0.0524318
8496.000000 0.0506711
8497.000000 0.0489162
8498.000000 0.0471581
8499.000000 0.0454057
8500.000000 0.0436503
8501.000000 0.0418951
8502.000000 0.0401378
8502.334961 0.0395508
8503.000000 0.0386665
8504.000000 0.0373343
8505.000000 0.0360069
8506.000000 0.0346774
8507.000000 0.0333524
8508.000000 0.0320257
8509.000000 0.0307031
8510.000000 0.0293791
8511.000000 0.0280591
8512.000000 0.0267378
8512.337891 0.0262925
8513.000000 0.0256861
8514.000000 0.0247686
8515.000000 0.023852
8516.000000 0.0229385
8517.000000 0.0220239
8518.000000 0.0211121
8519.000000 0.0201993
8520.000000 0.0192892
8521.000000 0.0183783
8522.000000 0.01747
8522.340820 0.0171601
8523.000000 0.016767
8524.000000 0.0161726
8525.000000 0.0155774
8526.000000 0.0149842
8527.000000 0.0143902
8528.000000 0.0137981
8529.000000 0.0132053
8530.000000 0.0126143
8531.000000 0.0120228
8532.000000 0.0114319
8532.343750 0.0112292
8533.000000 0.010968
8534.000000 0.0105693
8535.000000 0.0101719
8536.000000 0.00977401
8537.000000 0.00937739
8538.000000 0.00898032
8539.000000 0.00858445
8540.000000 0.0081882
8541.000000 0.0077931
8542.000000 0.00739768
8542.346680 0.00726093
8543.000000 0.00710014
8544.000000 0.00685359
8545.000000 0.0066079
8546.000000 0.00636187
8547.000000 0.00611665
8548.000000 0.00587113
8549.000000 0.00562587
8550.000000 0.00538138
8551.000000 0.00513664
8552.000000 0.00489262
8552.348633 0.00480744
8553.000000 0.00470603
8554.000000 0.00455089
8555.000000 0.00439549
8556.000000 0.00424065
8557.000000 0.00408558
8558.000000 0.00393104
8559.000000 0.00377629
8560.000000 0.00362205
8561.000000 0.00346763
8562.000000 0.00331369
8562.351562 0.0032595
8563.000000 0.00319219
8564.000000 0.00308878
8565.000000 0.00298519
8566.000000 0.00288171
8567.000000 0.0027786
8568.000000 0.00267534
8569.000000 0.00257244
8570.000000 0.0024694
8571.000000 0.00236669
8572.000000 0.00226388
8572.354492 0.00222753
8573.000000 0.00218158
8574.000000 0.00211027
8575.000000 0.00203922
8576.000000 0.00196806
8577.000000 0.00189715
8578.000000 0.00182614
8579.000000 0.00175521
8580.000000 0.00168452
8581.000000 0.00161374
8582.000000 0.00154318
8582.357422 0.00151793
8583.000000 0.00148863
8584.000000 0.0014432
8585.000000 0.00139768
8586.000000 0.00135234
8587.000000 0.00130692
8588.000000 0.00126167
8589.000000 0.00121635
8590.000000 0.00117119
8591.000000 0.00112597
8592.000000 0.0010808
8592.359375 0.00106461
8593.000000 0.00104494
8594.000000 0.00101415
8595.000000 0.000983496
8596.000000 0.00095278
8597.000000 0.000922184
8598.000000 0.000891535
8599.000000 0.000860999
8600.000000 0.000830417
8601.000000 0.000799943
8602.000000 0.000769428
8602.362305 0.000758406
8603.000000 0.000744675
8604.000000 0.000723093
8605.000000 0.000701535
8606.000000 0.000680065
8607.000000 0.000658555
8608.000000 0.000637127
8609.000000 0.000615664
8610.000000 0.00059428
8611.000000 0.000572865
8612.000000 0.000551524
8612.365234 0.000543717
8613.000000 0.000534389
8614.000000 0.000519757
8615.000000 0.000505092
8616.000000 0.000490489
8617.000000 0.000475856
8618.000000 0.00046124
8619.000000 0.000446683
8620.000000 0.000432099
8621.000000 0.000417571
8622.000000 0.00040302
8622.368164 0.000397681
8623.000000 0.000391285
8624.000000 0.000381136
8625.000000 0.000371033
8626.000000 0.000360907
8627.000000 0.000350824
8628.000000 0.00034072
8629.000000 0.000330628
8630.000000 0.000320577
8631.000000 0.00031057
8632.000000 0.000300599
8632.370117 0.000296899
8633.000000 0.000291807
8634.000000 0.000283755
8635.000000 0.000275681
8636.000000 0.000267639
8637.000000 0.000259577
8638.000000 0.000251545
8639.000000 0.000243495
8640.000000 0.000235451
8641.000000 0.000227435
8642.000000 0.000219403
8642.373047 0.000216416
8643.000000 0.000213068
8644.000000 0.000207711
8645.000000 0.000202377
8646.000000 0.000197028
8647.000000 0.000191701
8648.000000 0.00018636
8649.000000 0.00018104
8650.000000 0.000175707
8651.000000 0.000170378
8652.000000 0.000165068
8652.375977 0.000163067
8653.000000 0.000160611
8654.000000 0.000156692
8655.000000 0.000152761
8656.000000 0.000148846
8657.000000 0.000144921
8658.000000 0.000141012
8659.000000 0.000137093
8660.000000 0.000133189
8661.000000 0.000129276
8662.000000 0.000125366
8662.378906 0.000123889
8663.000000 0.000121837
8664.000000 0.000118523
8665.000000 0.000115223
8666.000000 0.000111914
8667.000000 0.000108618
8668.000000 0.000105315
8669.000000 0.000102023
8670.000000 9.87245e-05
8671.000000 9.54286e-05
8672.000000 9.21439e-05
8672.381836 9.0887e-05
8673.000000 8.93902e-05
8674.000000 8.69783e-05
8675.000000 8.45603e-05
8676.000000 8.21517e-05
8677.000000 7.97373e-05
8678.000000 7.73321e-05
8679.000000 7.49214e-05
8680.000000 7.25128e-05
8681.000000 7.01126e-05
8682.000000 6.77077e-05
8682.383789 6.67876e-05
8683.000000 6.61887e-05
8684.000000 6.52113e-05
8685.000000 6.42405e-05
8686.000000 6.32646e-05
8687.000000 6.22952e-05
8688.000000 6.13207e-05
8689.000000 6.0347e-05
8690.000000 5.93796e-05
8691.000000 5.84074e-05
8692.000000 5.74413e-05
8692.386719 5.70658e-05
8693.000000 5.61805e-05
8694.000000 5.47431e-05
8695.000000 5.33016e-05
8696.000000 5.18661e-05
8697.000000 5.04269e-05
8698.000000 4.89889e-05
8699.000000 4.75565e-05
