5316.000000 0.000600
5317.000000 0.000600
5318.000000 0.000600
5319.000000 0.000600
5320.000000 0.000600
5321.000000 0.000600
5322.000000 0.000600
5323.000000 0.000600
5324.000000 0.000600
5325.000000 0.000600
5326.000000 0.000600
5327.000000 0.000600
5328.000000 0.001200
5329.000000 0.001200
5330.000000 0.001200
5331.000000 0.001200
5332.000000 0.001200
5333.000000 0.001200
5334.000000 0.001800
5335.000000 0.001800
5336.000000 0.001800
5337.000000 0.001800
5338.000000 0.001800
5339.000000 0.002500
5340.000000 0.002500
5341.000000 0.002500
5342.000000 0.002500
5343.000000 0.003100
5344.000000 0.003100
5345.000000 0.003100
5346.000000 0.003700
5347.000000 0.003700
5348.000000 0.004300
5349.000000 0.004300
5350.000000 0.004300
5351.000000 0.004900
5352.000000 0.004900
5353.000000 0.005500
5354.000000 0.005500
5355.000000 0.006200
5356.000000 0.006200
5357.000000 0.006800
5358.000000 0.006800
5359.000000 0.007400
5360.000000 0.007400
5361.000000 0.008000
5362.000000 0.008600
5363.000000 0.008600
5364.000000 0.009300
5365.000000 0.009300
5366.000000 0.009900
5367.000000 0.010500
5368.000000 0.010500
5369.000000 0.011100
5370.000000 0.011700
5371.000000 0.012300
5372.000000 0.012300
5373.000000 0.013000
5374.000000 0.013000
5375.000000 0.013600
5376.000000 0.014200
5377.000000 0.014200
5378.000000 0.014800
5379.000000 0.015400
5380.000000 0.016100
5381.000000 0.016700
5382.000000 0.016700
5383.000000 0.017300
5384.000000 0.017900
5385.000000 0.018500
5386.000000 0.019200
5387.000000 0.019800
5388.000000 0.019800
5389.000000 0.020400
5390.000000 0.021000
5391.000000 0.021600
5392.000000 0.022300
5393.000000 0.022900
5394.000000 0.024100
5395.000000 0.024700
5396.000000 0.024700
5397.000000 0.026000
5398.000000 0.026600
5399.000000 0.027200
5400.000000 0.027800
5401.000000 0.028500
5402.000000 0.029700
5403.000000 0.030300
5404.000000 0.031000
5405.000000 0.031600
5406.000000 0.032200
5407.000000 0.033400
5408.000000 0.034100
5409.000000 0.035300
5410.000000 0.035900
5411.000000 0.037200
5412.000000 0.037800
5413.000000 0.039000
5414.000000 0.039600
5415.000000 0.041500
5416.000000 0.042800
5417.000000 0.043400
5418.000000 0.044600
5419.000000 0.046500
5420.000000 0.047700
5421.000000 0.049000
5422.000000 0.050800
5423.000000 0.052100
5424.000000 0.053900
5425.000000 0.055800
5426.000000 0.057700
5427.000000 0.058900
5428.000000 0.060200
5429.000000 0.062600
5430.000000 0.064500
5431.000000 0.066400
5432.000000 0.068200
5433.000000 0.070700
5434.000000 0.072600
5435.000000 0.075100
5436.000000 0.076900
5437.000000 0.079400
5438.000000 0.081900
5439.000000 0.084400
5440.000000 0.086900
5441.000000 0.089400
5442.000000 0.091200
5443.000000 0.094300
5444.000000 0.097500
5445.000000 0.099900
5446.000000 0.103100
5447.000000 0.106200
5448.000000 0.109900
5449.000000 0.113000
5450.000000 0.116700
5451.000000 0.119900
5452.000000 0.123000
5453.000000 0.127300
5454.000000 0.131100
5455.000000 0.134800
5456.000000 0.137900
5457.000000 0.142300
5458.000000 0.146000
5459.000000 0.149700
5460.000000 0.153500
5461.000000 0.156600
5462.000000 0.159700
5463.000000 0.164100
5464.000000 0.168400
5465.000000 0.172200
5466.000000 0.175300
5467.000000 0.179600
5468.000000 0.184000
5469.000000 0.187100
5470.000000 0.190900
5471.000000 0.194600
5472.000000 0.199000
5473.000000 0.202700
5474.000000 0.206400
5475.000000 0.209600
5476.000000 0.212700
5477.000000 0.215800
5478.000000 0.218900
5479.000000 0.222000
5480.000000 0.224500
5481.000000 0.227700
5482.000000 0.230200
5483.000000 0.232700
5484.000000 0.234500
5485.000000 0.236400
5486.000000 0.238300
5487.000000 0.240800
5488.000000 0.242600
5489.000000 0.245800
5490.000000 0.248300
5491.000000 0.249500
5492.000000 0.251400
5493.000000 0.253300
5494.000000 0.254500
5495.000000 0.256400
5496.000000 0.258300
5497.000000 0.260100
5498.000000 0.262000
5499.000000 0.263300
5500.000000 0.264500
5501.000000 0.266400
5502.000000 0.268300
5503.000000 0.269500
5504.000000 0.270800
5505.000000 0.272100
5506.000000 0.273300
5507.000000 0.275800
5508.000000 0.278300
5509.000000 0.279600
5510.000000 0.281500
5511.000000 0.282700
5512.000000 0.284600
5513.000000 0.287100
5514.000000 0.289000
5515.000000 0.290900
5516.000000 0.292200
5517.000000 0.294700
5518.000000 0.297200
5519.000000 0.298400
5520.000000 0.299700
5521.000000 0.301600
5522.000000 0.302800
5523.000000 0.306000
5524.000000 0.308500
5525.000000 0.311000
5526.000000 0.314100
5527.000000 0.316000
5528.000000 0.318500
5529.000000 0.321000
5530.000000 0.323500
5531.000000 0.326700
5532.000000 0.329200
5533.000000 0.332300
5534.000000 0.334800
5535.000000 0.337900
5536.000000 0.341100
5537.000000 0.343600
5538.000000 0.346100
5539.000000 0.349200
5540.000000 0.351700
5541.000000 0.354900
5542.000000 0.357400
5543.000000 0.359900
5544.000000 0.362400
5545.000000 0.365500
5546.000000 0.368700
5547.000000 0.372400
5548.000000 0.376200
5549.000000 0.378700
5550.000000 0.381200
5551.000000 0.383700
5552.000000 0.386200
5553.000000 0.388100
5554.000000 0.390600
5555.000000 0.393700
5556.000000 0.396900
5557.000000 0.398100
5558.000000 0.399400
5559.000000 0.401900
5560.000000 0.403800
5561.000000 0.405000
5562.000000 0.406900
5563.000000 0.410000
5564.000000 0.412500
5565.000000 0.413800
5566.000000 0.415700
5567.000000 0.416900
5568.000000 0.418200
5569.000000 0.419400
5570.000000 0.421300
5571.000000 0.422000
5572.000000 0.422600
5573.000000 0.423800
5574.000000 0.425700
5575.000000 0.425700
5576.000000 0.426400
5577.000000 0.427000
5578.000000 0.427600
5579.000000 0.428900
5580.000000 0.430100
5581.000000 0.428900
5582.000000 0.428300
5583.000000 0.428900
5584.000000 0.430200
5585.000000 0.429600
5586.000000 0.429600
5587.000000 0.429600
5588.000000 0.429000
5589.000000 0.429600
5590.000000 0.430200
5591.000000 0.430900
5592.000000 0.431500
5593.000000 0.432800
5594.000000 0.433400
5595.000000 0.433400
5596.000000 0.433400
5597.000000 0.433400
5598.000000 0.433400
5599.000000 0.434100
5600.000000 0.434700
5601.000000 0.434700
5602.000000 0.435300
5603.000000 0.435300
5604.000000 0.435400
5605.000000 0.436600
5606.000000 0.437900
5607.000000 0.439100
5608.000000 0.440400
5609.000000 0.441000
5610.000000 0.441700
5611.000000 0.443500
5612.000000 0.445400
5613.000000 0.446100
5614.000000 0.446100
5615.000000 0.447300
5616.000000 0.448600
5617.000000 0.450500
5618.000000 0.452300
5619.000000 0.452300
5620.000000 0.452300
5621.000000 0.454200
5622.000000 0.456700
5623.000000 0.458000
5624.000000 0.459200
5625.000000 0.461100
5626.000000 0.462400
5627.000000 0.464300
5628.000000 0.466100
5629.000000 0.468000
5630.000000 0.469900
5631.000000 0.471800
5632.000000 0.474300
5633.000000 0.474300
5634.000000 0.474300
5635.000000 0.476800
5636.000000 0.479300
5637.000000 0.480600
5638.000000 0.481800
5639.000000 0.483100
5640.000000 0.484300
5641.000000 0.486800
5642.000000 0.489300
5643.000000 0.491200
5644.000000 0.493100
5645.000000 0.494400
5646.000000 0.495600
5647.000000 0.497500
5648.000000 0.498700
5649.000000 0.500600
5650.000000 0.502500
5651.000000 0.501900
5652.000000 0.501900
5653.000000 0.503700
5654.000000 0.505600
5655.000000 0.506200
5656.000000 0.506200
5657.000000 0.507500
5658.000000 0.508700
5659.000000 0.509400
5660.000000 0.510000
5661.000000 0.511200
5662.000000 0.511900
5663.000000 0.513100
5664.000000 0.515000
5665.000000 0.514400
5666.000000 0.513700
5667.000000 0.515600
5668.000000 0.517500
5669.000000 0.516200
5670.000000 0.515600
5671.000000 0.516900
5672.000000 0.518100
5673.000000 0.518100
5674.000000 0.518100
5675.000000 0.518700
5676.000000 0.518700
5677.000000 0.519300
5678.000000 0.520000
5679.000000 0.521200
5680.000000 0.521800
5681.000000 0.523100
5682.000000 0.524300
5683.000000 0.524300
5684.000000 0.524300
5685.000000 0.525600
5686.000000 0.526200
5687.000000 0.524900
5688.000000 0.523700
5689.000000 0.524900
5690.000000 0.526200
5691.000000 0.526800
5692.000000 0.526800
5693.000000 0.528000
5694.000000 0.528700
5695.000000 0.528600
5696.000000 0.529300
5697.000000 0.529300
5698.000000 0.529300
5699.000000 0.531100
5700.000000 0.532400
5701.000000 0.533000
5702.000000 0.533000
5703.000000 0.532400
5704.000000 0.531800
5705.000000 0.533600
5706.000000 0.535500
5707.000000 0.535500
5708.000000 0.535500
5709.000000 0.536100
5710.000000 0.536800
5711.000000 0.536800
5712.000000 0.537400
5713.000000 0.536800
5714.000000 0.536800
5715.000000 0.538000
5716.000000 0.538700
5717.000000 0.539300
5718.000000 0.539300
5719.000000 0.539300
5720.000000 0.538700
5721.000000 0.539900
5722.000000 0.540500
5723.000000 0.539900
5724.000000 0.539300
5725.000000 0.539300
5726.000000 0.539300
5727.000000 0.539900
5728.000000 0.539900
5729.000000 0.540600
5730.000000 0.541800
5731.000000 0.540600
5732.000000 0.538700
5733.000000 0.539300
5734.000000 0.539300
5735.000000 0.538700
5736.000000 0.538100
5737.000000 0.538700
5738.000000 0.539300
5739.000000 0.538700
5740.000000 0.538700
5741.000000 0.538700
5742.000000 0.539400
5743.000000 0.538700
5744.000000 0.538100
5745.000000 0.538700
5746.000000 0.539400
5747.000000 0.539400
5748.000000 0.539400
5749.000000 0.539400
5750.000000 0.538800
5751.000000 0.538100
5752.000000 0.538200
5753.000000 0.537500
5754.000000 0.537500
5755.000000 0.536300
5756.000000 0.535700
5757.000000 0.537600
5758.000000 0.538800
5759.000000 0.539500
5760.000000 0.539500
5761.000000 0.539500
5762.000000 0.538900
5763.000000 0.539500
5764.000000 0.539500
5765.000000 0.540200
5766.000000 0.540200
5767.000000 0.540800
5768.000000 0.541500
5769.000000 0.542700
5770.000000 0.543400
5771.000000 0.542800
5772.000000 0.542800
5773.000000 0.544000
5774.000000 0.544700
5775.000000 0.545300
5776.000000 0.545900
5777.000000 0.547200
5778.000000 0.547800
5779.000000 0.547200
5780.000000 0.546600
5781.000000 0.547900
5782.000000 0.549200
5783.000000 0.549800
5784.000000 0.550400
5785.000000 0.551100
5786.000000 0.551700
5787.000000 0.553000
5788.000000 0.553600
5789.000000 0.554200
5790.000000 0.554900
5791.000000 0.555500
5792.000000 0.556800
5793.000000 0.556800
5794.000000 0.556800
5795.000000 0.558000
5796.000000 0.558700
5797.000000 0.558100
5798.000000 0.557400
5799.000000 0.558700
5800.000000 0.559300
5801.000000 0.560600
5802.000000 0.561200
5803.000000 0.560600
5804.000000 0.560000
5805.000000 0.560600
5806.000000 0.561200
5807.000000 0.561200
5808.000000 0.561200
5809.000000 0.561900
5810.000000 0.562500
5811.000000 0.563100
5812.000000 0.563700
5813.000000 0.563100
5814.000000 0.562500
5815.000000 0.563800
5816.000000 0.564400
5817.000000 0.565000
5818.000000 0.565600
5819.000000 0.564400
5820.000000 0.563100
5821.000000 0.563100
5822.000000 0.563100
5823.000000 0.563800
5824.000000 0.564400
5825.000000 0.564400
5826.000000 0.564400
5827.000000 0.563800
5828.000000 0.563800
5829.000000 0.563200
5830.000000 0.562500
5831.000000 0.564400
5832.000000 0.565700
5833.000000 0.565700
5834.000000 0.565000
5835.000000 0.565100
5836.000000 0.565700
5837.000000 0.566300
5838.000000 0.566300
5839.000000 0.566300
5840.000000 0.566300
5841.000000 0.566300
5842.000000 0.566300
5843.000000 0.567000
5844.000000 0.567600
5845.000000 0.567000
5846.000000 0.567000
5847.000000 0.566300
5848.000000 0.565100
5849.000000 0.568200
5850.000000 0.570700
5851.000000 0.570100
5852.000000 0.569500
5853.000000 0.570100
5854.000000 0.571400
5855.000000 0.570700
5856.000000 0.569500
5857.000000 0.570100
5858.000000 0.570100
5859.000000 0.571400
5860.000000 0.572000
5861.000000 0.572600
5862.000000 0.573300
5863.000000 0.572700
5864.000000 0.572000
5865.000000 0.573900
5866.000000 0.575200
5867.000000 0.573900
5868.000000 0.572700
5869.000000 0.574000
5870.000000 0.575200
5871.000000 0.575200
5872.000000 0.575200
5873.000000 0.575900
5874.000000 0.575900
5875.000000 0.575200
5876.000000 0.575300
5877.000000 0.575300
5878.000000 0.575900
5879.000000 0.575900
5880.000000 0.575900
5881.000000 0.577200
5882.000000 0.579100
5883.000000 0.578400
5884.000000 0.578500
5885.000000 0.577800
5886.000000 0.577200
5887.000000 0.575400
5888.000000 0.573500
5889.000000 0.576600
5890.000000 0.579800
5891.000000 0.577900
5892.000000 0.575400
5893.000000 0.576700
5894.000000 0.577300
5895.000000 0.577900
5896.000000 0.578000
5897.000000 0.577300
5898.000000 0.576700
5899.000000 0.576700
5900.000000 0.576700
5901.000000 0.577400
5902.000000 0.578000
5903.000000 0.578700
5904.000000 0.578700
5905.000000 0.578100
5906.000000 0.577500
5907.000000 0.576900
5908.000000 0.575600
5909.000000 0.576900
5910.000000 0.578200
5911.000000 0.578200
5912.000000 0.578200
5913.000000 0.579500
5914.000000 0.580800
5915.000000 0.580200
5916.000000 0.580200
5917.000000 0.579600
5918.000000 0.579600
5919.000000 0.579000
5920.000000 0.578400
5921.000000 0.579700
5922.000000 0.580900
5923.000000 0.581600
5924.000000 0.581600
5925.000000 0.581000
5926.000000 0.580400
5927.000000 0.581000
5928.000000 0.581700
5929.000000 0.581700
5930.000000 0.581700
5931.000000 0.583000
5932.000000 0.583600
5933.000000 0.584300
5934.000000 0.584900
5935.000000 0.584300
5936.000000 0.584400
5937.000000 0.584400
5938.000000 0.584400
5939.000000 0.583800
5940.000000 0.582600
5941.000000 0.585100
5942.000000 0.587700
5943.000000 0.587100
5944.000000 0.587100
5945.000000 0.587700
5946.000000 0.588400
5947.000000 0.586500
5948.000000 0.585300
5949.000000 0.587200
5950.000000 0.589700
5951.000000 0.588500
5952.000000 0.587900
5953.000000 0.589800
5954.000000 0.591700
5955.000000 0.590500
5956.000000 0.589300
5957.000000 0.589300
5958.000000 0.589300
5959.000000 0.588100
5960.000000 0.587500
5961.000000 0.588100
5962.000000 0.589400
5963.000000 0.588800
5964.000000 0.588200
5965.000000 0.588200
5966.000000 0.588200
5967.000000 0.588200
5968.000000 0.588300
5969.000000 0.587000
5970.000000 0.585800
5971.000000 0.585800
5972.000000 0.586500
5973.000000 0.586500
5974.000000 0.587100
5975.000000 0.585900
5976.000000 0.585300
5977.000000 0.586000
5978.000000 0.587200
5979.000000 0.586600
5980.000000 0.586600
5981.000000 0.586000
5982.000000 0.586100
5983.000000 0.586100
5984.000000 0.586100
5985.000000 0.586200
5986.000000 0.586200
5987.000000 0.583700
5988.000000 0.581800
5989.000000 0.582500
5990.000000 0.583800
5991.000000 0.583800
5992.000000 0.584500
5993.000000 0.583900
5994.000000 0.583300
5995.000000 0.583900
5996.000000 0.584600
5997.000000 0.584000
5998.000000 0.584000
5999.000000 0.584600
6000.000000 0.585300
6001.000000 0.583400
6002.000000 0.581600
6003.000000 0.581600
6004.000000 0.581600
6005.000000 0.582900
6006.000000 0.583600
6007.000000 0.583600
6008.000000 0.583600
6009.000000 0.584300
6010.000000 0.584900
6011.000000 0.586200
6012.000000 0.586900
6013.000000 0.586300
6014.000000 0.585700
6015.000000 0.585700
6016.000000 0.585700
6017.000000 0.586400
6018.000000 0.586400
6019.000000 0.586500
6020.000000 0.587100
6021.000000 0.588400
6022.000000 0.589100
6023.000000 0.588500
6024.000000 0.587900
6025.000000 0.587300
6026.000000 0.587300
6027.000000 0.588600
6028.000000 0.589200
6029.000000 0.589300
6030.000000 0.588700
6031.000000 0.588100
6032.000000 0.588100
6033.000000 0.589400
6034.000000 0.591300
6035.000000 0.589500
6036.000000 0.587000
6037.000000 0.588300
6038.000000 0.588900
6039.000000 0.589600
6040.000000 0.590900
6041.000000 0.589700
6042.000000 0.589100
6043.000000 0.590400
6044.000000 0.591600
6045.000000 0.589800
6046.000000 0.588600
6047.000000 0.589200
6048.000000 0.590500
6049.000000 0.589300
6050.000000 0.588700
6051.000000 0.588700
6052.000000 0.588800
6053.000000 0.590700
6054.000000 0.592600
6055.000000 0.591400
6056.000000 0.590800
6057.000000 0.591400
6058.000000 0.591400
6059.000000 0.591500
6060.000000 0.592100
6061.000000 0.590300
6062.000000 0.589000
6063.000000 0.588400
6064.000000 0.588400
6065.000000 0.589100
6066.000000 0.589800
6067.000000 0.589800
6068.000000 0.589800
6069.000000 0.591100
6070.000000 0.591800
6071.000000 0.589300
6072.000000 0.587400
6073.000000 0.588700
6074.000000 0.590600
6075.000000 0.591300
6076.000000 0.592500
6077.000000 0.593200
6078.000000 0.593200
6079.000000 0.591400
6080.000000 0.589500
6081.000000 0.591400
6082.000000 0.593300
6083.000000 0.592700
6084.000000 0.592100
6085.000000 0.591500
6086.000000 0.590900
6087.000000 0.591600
6088.000000 0.591600
6089.000000 0.592200
6090.000000 0.592900
6091.000000 0.592900
6092.000000 0.592900
6093.000000 0.593600
6094.000000 0.594300
6095.000000 0.593600
6096.000000 0.593700
6097.000000 0.593100
6098.000000 0.592500
6099.000000 0.592500
6100.000000 0.592500
6101.000000 0.593200
6102.000000 0.594500
6103.000000 0.594500
6104.000000 0.595200
6105.000000 0.594600
6106.000000 0.593300
6107.000000 0.595200
6108.000000 0.596500
6109.000000 0.594700
6110.000000 0.593400
6111.000000 0.594100
6112.000000 0.594700
6113.000000 0.594800
6114.000000 0.594200
6115.000000 0.594800
6116.000000 0.595500
6117.000000 0.595500
6118.000000 0.594900
6119.000000 0.595600
6120.000000 0.595600
6121.000000 0.596200
6122.000000 0.596300
6123.000000 0.595700
6124.000000 0.594400
6125.000000 0.595700
6126.000000 0.596400
6127.000000 0.594500
6128.000000 0.593300
6129.000000 0.592000
6130.000000 0.590800
6131.000000 0.591500
6132.000000 0.591500
6133.000000 0.591500
6134.000000 0.590900
6135.000000 0.592800
6136.000000 0.594700
6137.000000 0.594100
6138.000000 0.593500
6139.000000 0.593500
6140.000000 0.593600
6141.000000 0.592300
6142.000000 0.591700
6143.000000 0.593000
6144.000000 0.593700
6145.000000 0.592400
6146.000000 0.591200
6147.000000 0.592500
6148.000000 0.593800
6149.000000 0.594400
6150.000000 0.594400
6151.000000 0.593800
6152.000000 0.592600
6153.000000 0.592000
6154.000000 0.591400
6155.000000 0.592700
6156.000000 0.594600
6157.000000 0.593300
6158.000000 0.592100
6159.000000 0.591500
6160.000000 0.590800
6161.000000 0.592800
6162.000000 0.594700
6163.000000 0.594100
6164.000000 0.593400
6165.000000 0.594100
6166.000000 0.594100
6167.000000 0.593500
6168.000000 0.592900
6169.000000 0.594200
6170.000000 0.595400
6171.000000 0.594200
6172.000000 0.593600
6173.000000 0.594200
6174.000000 0.595500
6175.000000 0.595500
6176.000000 0.595500
6177.000000 0.594300
6178.000000 0.593700
6179.000000 0.594900
6180.000000 0.596200
6181.000000 0.595000
6182.000000 0.593700
6183.000000 0.593700
6184.000000 0.594300
6185.000000 0.594300
6186.000000 0.594300
6187.000000 0.595000
6188.000000 0.595600
6189.000000 0.596300
6190.000000 0.596900
6191.000000 0.596300
6192.000000 0.595000
6193.000000 0.595600
6194.000000 0.596300
6195.000000 0.595000
6196.000000 0.594400
6197.000000 0.593100
6198.000000 0.591900
6199.000000 0.593800
6200.000000 0.595000
6201.000000 0.596300
6202.000000 0.597600
6203.000000 0.596300
6204.000000 0.594400
6205.000000 0.595000
6206.000000 0.595600
6207.000000 0.594400
6208.000000 0.593100
6209.000000 0.591800
6210.000000 0.591200
6211.000000 0.591200
6212.000000 0.591100
6213.000000 0.591100
6214.000000 0.590500
6215.000000 0.591100
6216.000000 0.591100
6217.000000 0.589800
6218.000000 0.588500
6219.000000 0.589200
6220.000000 0.589800
6221.000000 0.589800
6222.000000 0.589800
6223.000000 0.589100
6224.000000 0.588500
6225.000000 0.588500
6226.000000 0.588500
6227.000000 0.589100
6228.000000 0.589700
6229.000000 0.589700
6230.000000 0.589700
6231.000000 0.589700
6232.000000 0.589000
6233.000000 0.589000
6234.000000 0.589000
6235.000000 0.589000
6236.000000 0.589000
6237.000000 0.589000
6238.000000 0.588300
6239.000000 0.588300
6240.000000 0.588300
6241.000000 0.588300
6242.000000 0.588300
6243.000000 0.589500
6244.000000 0.590800
6245.000000 0.591400
6246.000000 0.592000
6247.000000 0.590700
6248.000000 0.589400
6249.000000 0.592000
6250.000000 0.595100
6251.000000 0.594500
6252.000000 0.594400
6253.000000 0.593200
6254.000000 0.591200
6255.000000 0.593100
6256.000000 0.595000
6257.000000 0.594400
6258.000000 0.593100
6259.000000 0.595000
6260.000000 0.596800
6261.000000 0.596200
6262.000000 0.594900
6263.000000 0.594900
6264.000000 0.594200
6265.000000 0.594200
6266.000000 0.594200
6267.000000 0.595500
6268.000000 0.597300
6269.000000 0.598000
6270.000000 0.598600
6271.000000 0.596700
6272.000000 0.595400
6273.000000 0.597300
6274.000000 0.599800
6275.000000 0.597900
6276.000000 0.595300
6277.000000 0.595900
6278.000000 0.597200
6279.000000 0.597200
6280.000000 0.597100
6281.000000 0.595900
6282.000000 0.595200
6283.000000 0.597100
6284.000000 0.599600
6285.000000 0.597700
6286.000000 0.596400
6287.000000 0.595800
6288.000000 0.595700
6289.000000 0.597000
6290.000000 0.598200
6291.000000 0.595700
6292.000000 0.593100
6293.000000 0.593100
6294.000000 0.593100
6295.000000 0.595000
6296.000000 0.596900
6297.000000 0.595600
6298.000000 0.594900
6299.000000 0.594900
6300.000000 0.594900
6301.000000 0.594200
6302.000000 0.593600
6303.000000 0.591700
6304.000000 0.589800
6305.000000 0.590400
6306.000000 0.591000
6307.000000 0.590400
6308.000000 0.590300
6309.000000 0.591000
6310.000000 0.590900
6311.000000 0.590300
6312.000000 0.589000
6313.000000 0.589000
6314.000000 0.588400
6315.000000 0.589000
6316.000000 0.589600
6317.000000 0.589600
6318.000000 0.588900
6319.000000 0.589500
6320.000000 0.590100
6321.000000 0.587600
6322.000000 0.585100
6323.000000 0.585000
6324.000000 0.585700
6325.000000 0.586300
6326.000000 0.586900
6327.000000 0.586200
6328.000000 0.585600
6329.000000 0.586200
6330.000000 0.586800
6331.000000 0.587400
6332.000000 0.588000
6333.000000 0.586800
6334.000000 0.585500
6335.000000 0.586100
6336.000000 0.586700
6337.000000 0.586700
6338.000000 0.586700
6339.000000 0.586000
6340.000000 0.585400
6341.000000 0.586000
6342.000000 0.587200
6343.000000 0.587200
6344.000000 0.587800
6345.000000 0.588500
6346.000000 0.589100
6347.000000 0.588400
6348.000000 0.588400
6349.000000 0.588400
6350.000000 0.587700
6351.000000 0.588400
6352.000000 0.588300
6353.000000 0.588300
6354.000000 0.587700
6355.000000 0.587000
6356.000000 0.586400
6357.000000 0.587600
6358.000000 0.588300
6359.000000 0.588900
6360.000000 0.589500
6361.000000 0.588200
6362.000000 0.586300
6363.000000 0.586900
6364.000000 0.586800
6365.000000 0.587400
6366.000000 0.587400
6367.000000 0.586100
6368.000000 0.584800
6369.000000 0.582900
6370.000000 0.581000
6371.000000 0.581600
6372.000000 0.581500
6373.000000 0.581500
6374.000000 0.580800
6375.000000 0.580800
6376.000000 0.580800
6377.000000 0.580100
6378.000000 0.578800
6379.000000 0.578200
6380.000000 0.577500
6381.000000 0.578100
6382.000000 0.578700
6383.000000 0.578100
6384.000000 0.578000
6385.000000 0.574800
6386.000000 0.572300
6387.000000 0.572900
6388.000000 0.572900
6389.000000 0.573500
6390.000000 0.573400
6391.000000 0.570200
6392.000000 0.567700
6393.000000 0.568300
6394.000000 0.568900
6395.000000 0.567600
6396.000000 0.566300
6397.000000 0.566900
6398.000000 0.567500
6399.000000 0.566200
6400.000000 0.564900
6401.000000 0.564300
6402.000000 0.564200
6403.000000 0.563600
6404.000000 0.562300
6405.000000 0.561600
6406.000000 0.560900
6407.000000 0.560300
6408.000000 0.559600
6409.000000 0.557700
6410.000000 0.556400
6411.000000 0.557000
6412.000000 0.556900
6413.000000 0.556900
6414.000000 0.557500
6415.000000 0.556800
6416.000000 0.556800
6417.000000 0.556700
6418.000000 0.557300
6419.000000 0.557900
6420.000000 0.558500
6421.000000 0.557200
6422.000000 0.555900
6423.000000 0.557800
6424.000000 0.559600
6425.000000 0.558300
6426.000000 0.557000
6427.000000 0.557600
6428.000000 0.558200
6429.000000 0.560700
6430.000000 0.562500
6431.000000 0.561800
6432.000000 0.561200
6433.000000 0.560500
6434.000000 0.560400
6435.000000 0.562300
6436.000000 0.564100
6437.000000 0.566000
6438.000000 0.567800
6439.000000 0.567100
6440.000000 0.566500
6441.000000 0.568300
6442.000000 0.570200
6443.000000 0.569500
6444.000000 0.569400
6445.000000 0.570600
6446.000000 0.572500
6447.000000 0.572400
6448.000000 0.572400
6449.000000 0.574200
6450.000000 0.576100
6451.000000 0.578500
6452.000000 0.580400
6453.000000 0.581000
6454.000000 0.581500
6455.000000 0.581500
6456.000000 0.581500
6457.000000 0.582000
6458.000000 0.583300
6459.000000 0.584500
6460.000000 0.585700
6461.000000 0.587500
6462.000000 0.588700
6463.000000 0.588700
6464.000000 0.589300
6465.000000 0.590500
6466.000000 0.591100
6467.000000 0.589800
6468.000000 0.587900
6469.000000 0.591600
6470.000000 0.595300
6471.000000 0.592800
6472.000000 0.590200
6473.000000 0.592700
6474.000000 0.595800
6475.000000 0.593800
6476.000000 0.592600
6477.000000 0.592500
6478.000000 0.592500
6479.000000 0.593100
6480.000000 0.593700
6481.000000 0.593000
6482.000000 0.592300
6483.000000 0.591700
6484.000000 0.591600
6485.000000 0.592200
6486.000000 0.593400
6487.000000 0.592800
6488.000000 0.592700
6489.000000 0.590200
6490.000000 0.587700
6491.000000 0.588200
6492.000000 0.588800
6493.000000 0.587600
6494.000000 0.586300
6495.000000 0.585600
6496.000000 0.584300
6497.000000 0.584300
6498.000000 0.583600
6499.000000 0.582300
6500.000000 0.581700
6501.000000 0.581000
6502.000000 0.581000
6503.000000 0.579700
6504.000000 0.579100
6505.000000 0.578400
6506.000000 0.577800
6507.000000 0.575900
6508.000000 0.574000
6509.000000 0.575800
6510.000000 0.577000
6511.000000 0.573900
6512.000000 0.570700
6513.000000 0.570700
6514.000000 0.570700
6515.000000 0.570700
6516.000000 0.570600
6517.000000 0.569400
6518.000000 0.568100
6519.000000 0.567400
6520.000000 0.566200
6521.000000 0.566800
6522.000000 0.566700
6523.000000 0.567300
6524.000000 0.567900
6525.000000 0.566700
6526.000000 0.565400
6527.000000 0.565400
6528.000000 0.565300
6529.000000 0.565300
6530.000000 0.565900
6531.000000 0.565300
6532.000000 0.564600
6533.000000 0.564600
6534.000000 0.564600
6535.000000 0.565200
6536.000000 0.565800
6537.000000 0.565100
6538.000000 0.565100
6539.000000 0.566300
6540.000000 0.567500
6541.000000 0.568100
6542.000000 0.568100
6543.000000 0.569900
6544.000000 0.571200
6545.000000 0.569900
6546.000000 0.568000
6547.000000 0.569200
6548.000000 0.571100
6549.000000 0.570400
6550.000000 0.569700
6551.000000 0.569700
6552.000000 0.569700
6553.000000 0.570900
6554.000000 0.571500
6555.000000 0.573300
6556.000000 0.575200
6557.000000 0.575100
6558.000000 0.575700
6559.000000 0.577500
6560.000000 0.578700
6561.000000 0.578700
6562.000000 0.578600
6563.000000 0.578600
6564.000000 0.578600
6565.000000 0.579800
6566.000000 0.581000
6567.000000 0.580900
6568.000000 0.581500
6569.000000 0.582700
6570.000000 0.583300
6571.000000 0.584500
6572.000000 0.585700
6573.000000 0.585700
6574.000000 0.585600
6575.000000 0.585600
6576.000000 0.585500
6577.000000 0.585500
6578.000000 0.585400
6579.000000 0.584800
6580.000000 0.584100
6581.000000 0.585900
6582.000000 0.587700
6583.000000 0.588300
6584.000000 0.588800
6585.000000 0.586900
6586.000000 0.585000
6587.000000 0.586800
6588.000000 0.588000
6589.000000 0.587900
6590.000000 0.587800
6591.000000 0.587800
6592.000000 0.587700
6593.000000 0.587700
6594.000000 0.587600
6595.000000 0.587500
6596.000000 0.587500
6597.000000 0.586800
6598.000000 0.585500
6599.000000 0.586100
6600.000000 0.586600
6601.000000 0.585300
6602.000000 0.584600
6603.000000 0.585200
6604.000000 0.585700
6605.000000 0.585100
6606.000000 0.584300
6607.000000 0.583600
6608.000000 0.582300
6609.000000 0.584100
6610.000000 0.585200
6611.000000 0.584500
6612.000000 0.584400
6613.000000 0.583700
6614.000000 0.583000
6615.000000 0.582300
6616.000000 0.581600
6617.000000 0.581500
6618.000000 0.581400
6619.000000 0.582000
6620.000000 0.582500
6621.000000 0.581800
6622.000000 0.581100
6623.000000 0.581600
6624.000000 0.582800
6625.000000 0.582100
6626.000000 0.581300
6627.000000 0.580600
6628.000000 0.580600
6629.000000 0.579800
6630.000000 0.579100
6631.000000 0.579000
6632.000000 0.578900
6633.000000 0.578800
6634.000000 0.578700
6635.000000 0.579800
6636.000000 0.580900
6637.000000 0.579600
6638.000000 0.578200
6639.000000 0.578800
6640.000000 0.578600
6641.000000 0.579100
6642.000000 0.580300
6643.000000 0.579500
6644.000000 0.578800
6645.000000 0.579300
6646.000000 0.579800
6647.000000 0.579700
6648.000000 0.579600
6649.000000 0.578900
6650.000000 0.578100
6651.000000 0.578600
6652.000000 0.578500
6653.000000 0.579000
6654.000000 0.578900
6655.000000 0.579400
6656.000000 0.580600
6657.000000 0.581700
6658.000000 0.582200
6659.000000 0.580200
6660.000000 0.578300
6661.000000 0.580000
6662.000000 0.581800
6663.000000 0.581700
6664.000000 0.582200
6665.000000 0.581500
6666.000000 0.581400
6667.000000 0.579400
6668.000000 0.578100
6669.000000 0.578600
6670.000000 0.579700
6671.000000 0.579600
6672.000000 0.580100
6673.000000 0.579400
6674.000000 0.578100
6675.000000 0.578600
6676.000000 0.579100
6677.000000 0.579000
6678.000000 0.578900
6679.000000 0.578200
6680.000000 0.577500
6681.000000 0.578000
6682.000000 0.578600
6683.000000 0.579100
6684.000000 0.579100
6685.000000 0.579000
6686.000000 0.578300
6687.000000 0.577600
6688.000000 0.577000
6689.000000 0.578100
6690.000000 0.579300
6691.000000 0.578600
6692.000000 0.577900
6693.000000 0.576000
6694.000000 0.574700
6695.000000 0.575900
6696.000000 0.577700
6697.000000 0.575800
6698.000000 0.573900
6699.000000 0.575000
6700.000000 0.576200
6701.000000 0.575500
6702.000000 0.575500
6703.000000 0.574800
6704.000000 0.574700
6705.000000 0.573500
6706.000000 0.571600
6707.000000 0.570400
6708.000000 0.569800
6709.000000 0.569800
6710.000000 0.570400
6711.000000 0.571600
6712.000000 0.572200
6713.000000 0.572800
6714.000000 0.572800
6715.000000 0.571600
6716.000000 0.569800
6717.000000 0.571000
6718.000000 0.571600
6719.000000 0.572800
6720.000000 0.573400
6721.000000 0.569800
6722.000000 0.566700
6723.000000 0.567300
6724.000000 0.568600
6725.000000 0.568600
6726.000000 0.568600
6727.000000 0.567900
6728.000000 0.567900
6729.000000 0.567900
6730.000000 0.568600
6731.000000 0.567400
6732.000000 0.565700
6733.000000 0.567600
6734.000000 0.568900
6735.000000 0.570800
6736.000000 0.573300
6737.000000 0.571000
6738.000000 0.569200
6739.000000 0.571100
6740.000000 0.572400
6741.000000 0.571300
6742.000000 0.569600
6743.000000 0.569000
6744.000000 0.567900
6745.000000 0.568600
6746.000000 0.568700
6747.000000 0.568800
6748.000000 0.568800
6749.000000 0.567700
6750.000000 0.567200
6751.000000 0.567200
6752.000000 0.567900
6753.000000 0.569900
6754.000000 0.571800
6755.000000 0.569400
6756.000000 0.567100
6757.000000 0.568400
6758.000000 0.569800
6759.000000 0.571100
6760.000000 0.571900
6761.000000 0.572000
6762.000000 0.572100
6763.000000 0.571000
6764.000000 0.570500
6765.000000 0.569400
6766.000000 0.568300
6767.000000 0.568400
6768.000000 0.568500
6769.000000 0.569900
6770.000000 0.571900
6771.000000 0.570700
6772.000000 0.569600
6773.000000 0.572200
6774.000000 0.574800
6775.000000 0.573700
6776.000000 0.573200
6777.000000 0.573900
6778.000000 0.574100
6779.000000 0.574200
6780.000000 0.573700
6781.000000 0.574300
6782.000000 0.575400
6783.000000 0.573500
6784.000000 0.572300
6785.000000 0.574100
6786.000000 0.575900
6787.000000 0.574600
6788.000000 0.573900
6789.000000 0.573300
6790.000000 0.572600
6791.000000 0.572000
6792.000000 0.571300
6793.000000 0.571900
6794.000000 0.571800
6795.000000 0.574200
6796.000000 0.576700
6797.000000 0.575400
6798.000000 0.574100
6799.000000 0.574700
6800.000000 0.574600
6801.000000 0.574000
6802.000000 0.573300
6803.000000 0.575100
6804.000000 0.576900
6805.000000 0.575600
6806.000000 0.574600
6807.000000 0.575400
6808.000000 0.576800
6809.000000 0.575700
6810.000000 0.575300
6811.000000 0.573000
6812.000000 0.570800
6813.000000 0.571600
6814.000000 0.571700
6815.000000 0.573100
6816.000000 0.574500
6817.000000 0.574700
6818.000000 0.574900
6819.000000 0.572600
6820.000000 0.570300
6821.000000 0.571100
6822.000000 0.571900
6823.000000 0.571500
6824.000000 0.570400
6825.000000 0.572400
6826.000000 0.574400
6827.000000 0.574000
6828.000000 0.573500
6829.000000 0.572500
6830.000000 0.572000
6831.000000 0.571300
6832.000000 0.571200
6833.000000 0.571100
6834.000000 0.570900
6835.000000 0.570200
6836.000000 0.568900
6837.000000 0.568200
6838.000000 0.567400
6839.000000 0.566700
6840.000000 0.566000
6841.000000 0.565300
6842.000000 0.564500
6843.000000 0.563200
6844.000000 0.561900
6845.000000 0.563000
6846.000000 0.564000
6847.000000 0.560900
6848.000000 0.557800
6849.000000 0.557700
6850.000000 0.557000
6851.000000 0.555700
6852.000000 0.554400
6853.000000 0.552500
6854.000000 0.550600
6855.000000 0.550500
6856.000000 0.550500
6857.000000 0.548900
6858.000000 0.547200
6859.000000 0.544900
6860.000000 0.542600
6861.000000 0.542100
6862.000000 0.541600
6863.000000 0.542300
6864.000000 0.542900
6865.000000 0.540100
6866.000000 0.536700
6867.000000 0.535600
6868.000000 0.534500
6869.000000 0.532200
6870.000000 0.529400
6871.000000 0.528300
6872.000000 0.527300
6873.000000 0.525000
6874.000000 0.522800
6875.000000 0.521700
6876.000000 0.520700
6877.000000 0.521300
6878.000000 0.522000
6879.000000 0.519200
6880.000000 0.516400
6881.000000 0.514100
6882.000000 0.512400
6883.000000 0.509600
6884.000000 0.506200
6885.000000 0.506800
6886.000000 0.506800
6887.000000 0.506300
6888.000000 0.505200
6889.000000 0.504100
6890.000000 0.503000
6891.000000 0.501800
6892.000000 0.500700
6893.000000 0.498500
6894.000000 0.495600
6895.000000 0.495700
6896.000000 0.495100
6897.000000 0.493400
6898.000000 0.491200
6899.000000 0.490600
6900.000000 0.489500
6901.000000 0.490700
6902.000000 0.491900
6903.000000 0.490200
6904.000000 0.488500
6905.000000 0.487400
6906.000000 0.486600
6907.000000 0.485200
6908.000000 0.484500
6909.000000 0.483700
6910.000000 0.482900
6911.000000 0.482100
6912.000000 0.481300
6913.000000 0.481100
6914.000000 0.481500
6915.000000 0.481900
6916.000000 0.482200
6917.000000 0.482000
6918.000000 0.482400
6919.000000 0.483300
6920.000000 0.484300
6921.000000 0.482300
6922.000000 0.480400
6923.000000 0.481900
6924.000000 0.484000
6925.000000 0.484900
6926.000000 0.485900
6927.000000 0.485100
6928.000000 0.484900
6929.000000 0.485800
6930.000000 0.486800
6931.000000 0.488400
6932.000000 0.490000
6933.000000 0.490400
6934.000000 0.490900
6935.000000 0.490200
6936.000000 0.490000
6937.000000 0.490500
6938.000000 0.491500
6939.000000 0.494900
6940.000000 0.498300
6941.000000 0.498200
6942.000000 0.498600
6943.000000 0.500800
6944.000000 0.503100
6945.000000 0.504100
6946.000000 0.505200
6947.000000 0.506200
6948.000000 0.507300
6949.000000 0.509500
6950.000000 0.511100
6951.000000 0.512200
6952.000000 0.512700
6953.000000 0.516100
6954.000000 0.519000
6955.000000 0.521800
6956.000000 0.523900
6957.000000 0.525300
6958.000000 0.526200
6959.000000 0.528900
6960.000000 0.531500
6961.000000 0.531800
6962.000000 0.531500
6963.000000 0.533600
6964.000000 0.536200
6965.000000 0.536500
6966.000000 0.536800
6967.000000 0.537100
6968.000000 0.536700
6969.000000 0.538800
6970.000000 0.540300
6971.000000 0.540600
6972.000000 0.540300
6973.000000 0.538700
6974.000000 0.536600
6975.000000 0.536300
6976.000000 0.535900
6977.000000 0.535000
6978.000000 0.534100
6979.000000 0.533100
6980.000000 0.532800
6981.000000 0.528000
6982.000000 0.523100
6983.000000 0.521300
6984.000000 0.520100
6985.000000 0.517100
6986.000000 0.514100
6987.000000 0.509800
6988.000000 0.505000
6989.000000 0.502600
6990.000000 0.499500
6991.000000 0.494100
6992.000000 0.488100
6993.000000 0.480200
6994.000000 0.473000
6995.000000 0.469300
6996.000000 0.466300
6997.000000 0.458500
6998.000000 0.450600
6999.000000 0.444000
7000.000000 0.437900
7001.000000 0.429400
7002.000000 0.421600
7003.000000 0.413100
7004.000000 0.404700
7005.000000 0.399800
7006.000000 0.395100
7007.000000 0.388000
7008.000000 0.380300
7009.000000 0.372600
7010.000000 0.365400
7011.000000 0.358900
7012.000000 0.352400
7013.000000 0.345800
7014.000000 0.338700
7015.000000 0.332100
7016.000000 0.325000
7017.000000 0.319600
7018.000000 0.313700
7019.000000 0.307700
7020.000000 0.301700
7021.000000 0.295800
7022.000000 0.289200
7023.000000 0.282600
7024.000000 0.276000
7025.000000 0.269400
7026.000000 0.262800
7027.000000 0.258000
7028.000000 0.253200
7029.000000 0.247200
7030.000000 0.240600
7031.000000 0.237100
7032.000000 0.233000
7033.000000 0.228200
7034.000000 0.223400
7035.000000 0.219300
7036.000000 0.214500
7037.000000 0.210400
7038.000000 0.206800
7039.000000 0.202600
7040.000000 0.199100
7041.000000 0.196100
7042.000000 0.192500
7043.000000 0.189000
7044.000000 0.184800
7045.000000 0.180600
7046.000000 0.175700
7047.000000 0.173400
7048.000000 0.170400
7049.000000 0.167400
7050.000000 0.164400
7051.000000 0.161400
7052.000000 0.158400
7053.000000 0.155400
7054.000000 0.153100
7055.000000 0.150100
7056.000000 0.147600
7057.000000 0.144000
7058.000000 0.141000
7059.000000 0.139800
7060.000000 0.138000
7061.000000 0.135000
7062.000000 0.131900
7063.000000 0.129500
7064.000000 0.127100
7065.000000 0.124600
7066.000000 0.122200
7067.000000 0.119800
7068.000000 0.117300
7069.000000 0.114900
7070.000000 0.112500
7071.000000 0.110000
7072.000000 0.107600
7073.000000 0.104500
7074.000000 0.101500
7075.000000 0.099000
7076.000000 0.096600
7077.000000 0.093500
7078.000000 0.091000
7079.000000 0.088600
7080.000000 0.086100
7081.000000 0.083600
7082.000000 0.080500
7083.000000 0.078000
7084.000000 0.076100
7085.000000 0.072400
7086.000000 0.069200
7087.000000 0.066700
7088.000000 0.064200
7089.000000 0.061700
7090.000000 0.058600
7091.000000 0.056100
7092.000000 0.053000
7093.000000 0.051100
7094.000000 0.048600
7095.000000 0.046100
7096.000000 0.043600
7097.000000 0.041100
7098.000000 0.039300
7099.000000 0.038000
7100.000000 0.036100
7101.000000 0.034300
7102.000000 0.031800
7103.000000 0.030500
7104.000000 0.028700
7105.000000 0.027400
7106.000000 0.025500
7107.000000 0.024300
7108.000000 0.022400
7109.000000 0.021100
7110.000000 0.019800
7111.000000 0.018600
7112.000000 0.018000
7113.000000 0.016700
7114.000000 0.015500
7115.000000 0.014800
7116.000000 0.013600
7117.000000 0.012900
7118.000000 0.012300
7119.000000 0.011700
7120.000000 0.011100
7121.000000 0.010400
7122.000000 0.009800
7123.000000 0.009200
7124.000000 0.008600
7125.000000 0.008000
7126.000000 0.007300
7127.000000 0.007300
7128.000000 0.006700
7129.000000 0.006100
7130.000000 0.006100
7131.000000 0.005500
7132.000000 0.005500
7133.000000 0.004800
7134.000000 0.004200
7135.000000 0.004200
7136.000000 0.004200
7137.000000 0.003600
7138.000000 0.003600
7139.000000 0.003000
7140.000000 0.003000
7141.000000 0.003000
7142.000000 0.003000
7143.000000 0.003000
7144.000000 0.002400
7145.000000 0.002400
7146.000000 0.002400
7147.000000 0.002400
7148.000000 0.001800
7149.000000 0.001800
7150.000000 0.001800
7151.000000 0.001800
7152.000000 0.001800
7153.000000 0.001700
7154.000000 0.001700
7155.000000 0.001200
7156.000000 0.001200
7157.000000 0.001200
7158.000000 0.001200
7159.000000 0.001200
7160.000000 0.001200
7161.000000 0.001100
7162.000000 0.001100
7163.000000 0.001100
7164.000000 0.000600
7165.000000 0.000600
7166.000000 0.000600
7167.000000 0.000600
7168.000000 0.000600
7169.000000 0.000600
7170.000000 0.000600
7171.000000 0.000600
7172.000000 0.000600
7173.000000 0.000600
7174.000000 0.000600
7175.000000 0.000600
7176.000000 0.000600
7177.000000 0.000600
7178.000000 0.000600
7179.000000 0.000600
7180.000000 0.000600
7181.000000 0.000600
