6610.000000 0.000600
6611.000000 0.000600
6612.000000 0.000600
6613.000000 0.000600
6614.000000 0.000600
6615.000000 0.000600
6616.000000 0.000600
6617.000000 0.000600
6618.000000 0.000600
6619.000000 0.000600
6620.000000 0.000600
6621.000000 0.000600
6622.000000 0.000600
6623.000000 0.000600
6624.000000 0.000600
6625.000000 0.000600
6626.000000 0.000600
6627.000000 0.000600
6628.000000 0.000600
6629.000000 0.000600
6630.000000 0.000600
6631.000000 0.000600
6632.000000 0.000600
6633.000000 0.000600
6634.000000 0.000600
6635.000000 0.000600
6636.000000 0.000600
6637.000000 0.000600
6638.000000 0.000600
6639.000000 0.000600
6640.000000 0.000600
6641.000000 0.000600
6642.000000 0.000600
6643.000000 0.000600
6644.000000 0.000600
6645.000000 0.000600
6646.000000 0.000600
6647.000000 0.000600
6648.000000 0.000600
6649.000000 0.000600
6650.000000 0.001200
6651.000000 0.001200
6652.000000 0.001200
6653.000000 0.001200
6654.000000 0.001200
6655.000000 0.001200
6656.000000 0.001200
6657.000000 0.001200
6658.000000 0.001200
6659.000000 0.001200
6660.000000 0.001200
6661.000000 0.001200
6662.000000 0.001200
6663.000000 0.001200
6664.000000 0.001200
6665.000000 0.001200
6666.000000 0.001200
6667.000000 0.001200
6668.000000 0.001800
6669.000000 0.001800
6670.000000 0.001800
6671.000000 0.001800
6672.000000 0.001800
6673.000000 0.001800
6674.000000 0.001800
6675.000000 0.001800
6676.000000 0.001800
6677.000000 0.001800
6678.000000 0.001800
6679.000000 0.002500
6680.000000 0.002500
6681.000000 0.002500
6682.000000 0.002500
6683.000000 0.002500
6684.000000 0.002500
6685.000000 0.002500
6686.000000 0.002500
6687.000000 0.002500
6688.000000 0.003100
6689.000000 0.003100
6690.000000 0.003100
6691.000000 0.003100
6692.000000 0.003100
6693.000000 0.003100
6694.000000 0.003100
6695.000000 0.003700
6696.000000 0.003700
6697.000000 0.003700
6698.000000 0.003700
6699.000000 0.003700
6700.000000 0.004300
6701.000000 0.004300
6702.000000 0.004300
6703.000000 0.004300
6704.000000 0.004300
6705.000000 0.004300
6706.000000 0.004900
6707.000000 0.004900
6708.000000 0.004900
6709.000000 0.004900
6710.000000 0.005500
6711.000000 0.005500
6712.000000 0.005500
6713.000000 0.005500
6714.000000 0.006100
6715.000000 0.006100
6716.000000 0.006100
6717.000000 0.006700
6718.000000 0.006700
6719.000000 0.006700
6720.000000 0.006700
6721.000000 0.007300
6722.000000 0.007300
6723.000000 0.007300
6724.000000 0.007900
6725.000000 0.007900
6726.000000 0.007900
6727.000000 0.008600
6728.000000 0.008600
6729.000000 0.009200
6730.000000 0.009200
6731.000000 0.009200
6732.000000 0.009800
6733.000000 0.009800
6734.000000 0.010400
6735.000000 0.010400
6736.000000 0.011000
6737.000000 0.011000
6738.000000 0.011600
6739.000000 0.011600
6740.000000 0.012200
6741.000000 0.012200
6742.000000 0.012900
6743.000000 0.012900
6744.000000 0.013500
6745.000000 0.014100
6746.000000 0.014100
6747.000000 0.014700
6748.000000 0.014700
6749.000000 0.015300
6750.000000 0.015900
6751.000000 0.015900
6752.000000 0.016600
6753.000000 0.017200
6754.000000 0.017800
6755.000000 0.017800
6756.000000 0.018400
6757.000000 0.019000
6758.000000 0.019600
6759.000000 0.019700
6760.000000 0.020300
6761.000000 0.020900
6762.000000 0.021500
6763.000000 0.022100
6764.000000 0.022700
6765.000000 0.023400
6766.000000 0.023400
6767.000000 0.024000
6768.000000 0.024600
6769.000000 0.025200
6770.000000 0.025900
6771.000000 0.026500
6772.000000 0.027100
6773.000000 0.027700
6774.000000 0.028300
6775.000000 0.029600
6776.000000 0.030200
6777.000000 0.030800
6778.000000 0.031400
6779.000000 0.032100
6780.000000 0.032700
6781.000000 0.033900
6782.000000 0.034500
6783.000000 0.035200
6784.000000 0.035800
6785.000000 0.037000
6786.000000 0.037600
6787.000000 0.038800
6788.000000 0.039500
6789.000000 0.040100
6790.000000 0.041300
6791.000000 0.041900
6792.000000 0.042500
6793.000000 0.043800
6794.000000 0.044400
6795.000000 0.045000
6796.000000 0.046200
6797.000000 0.047400
6798.000000 0.048000
6799.000000 0.049300
6800.000000 0.050500
6801.000000 0.051100
6802.000000 0.052300
6803.000000 0.053600
6804.000000 0.054200
6805.000000 0.055400
6806.000000 0.056600
6807.000000 0.057200
6808.000000 0.058400
6809.000000 0.059500
6810.000000 0.060700
6811.000000 0.061900
6812.000000 0.063100
6813.000000 0.064300
6814.000000 0.065400
6815.000000 0.066600
6816.000000 0.067800
6817.000000 0.068900
6818.000000 0.070100
6819.000000 0.071300
6820.000000 0.072400
6821.000000 0.073600
6822.000000 0.074800
6823.000000 0.075900
6824.000000 0.077700
6825.000000 0.078800
6826.000000 0.080000
6827.000000 0.081700
6828.000000 0.082900
6829.000000 0.084000
6830.000000 0.085800
6831.000000 0.086900
6832.000000 0.088000
6833.000000 0.089700
6834.000000 0.090700
6835.000000 0.092400
6836.000000 0.094100
6837.000000 0.095200
6838.000000 0.096900
6839.000000 0.098500
6840.000000 0.100200
6841.000000 0.101300
6842.000000 0.102900
6843.000000 0.104600
6844.000000 0.105600
6845.000000 0.107300
6846.000000 0.108900
6847.000000 0.109900
6848.000000 0.111600
6849.000000 0.113200
6850.000000 0.114800
6851.000000 0.116400
6852.000000 0.118000
6853.000000 0.119100
6854.000000 0.120700
6855.000000 0.122300
6856.000000 0.123900
6857.000000 0.125500
6858.000000 0.127200
6859.000000 0.128800
6860.000000 0.130400
6861.000000 0.132600
6862.000000 0.134200
6863.000000 0.135900
6864.000000 0.137500
6865.000000 0.139100
6866.000000 0.140700
6867.000000 0.142300
6868.000000 0.143900
6869.000000 0.146000
6870.000000 0.147600
6871.000000 0.149200
6872.000000 0.150800
6873.000000 0.153000
6874.000000 0.154500
6875.000000 0.156100
6876.000000 0.158300
6877.000000 0.159800
6878.000000 0.161400
6879.000000 0.163500
6880.000000 0.165100
6881.000000 0.166800
6882.000000 0.168500
6883.000000 0.170300
6884.000000 0.172000
6885.000000 0.174300
6886.000000 0.176000
6887.000000 0.177700
6888.000000 0.180000
6889.000000 0.181700
6890.000000 0.183500
6891.000000 0.185800
6892.000000 0.187500
6893.000000 0.189800
6894.000000 0.191500
6895.000000 0.193800
6896.000000 0.195500
6897.000000 0.197800
6898.000000 0.200100
6899.000000 0.202400
6900.000000 0.204200
6901.000000 0.206500
6902.000000 0.208800
6903.000000 0.210500
6904.000000 0.212800
6905.000000 0.214500
6906.000000 0.216400
6907.000000 0.218800
6908.000000 0.220700
6909.000000 0.223200
6910.000000 0.225100
6911.000000 0.227600
6912.000000 0.230000
6913.000000 0.232500
6914.000000 0.234400
6915.000000 0.236900
6916.000000 0.239400
6917.000000 0.241300
6918.000000 0.243800
6919.000000 0.246300
6920.000000 0.248800
6921.000000 0.250700
6922.000000 0.253200
6923.000000 0.255700
6924.000000 0.258200
6925.000000 0.260800
6926.000000 0.262700
6927.000000 0.265200
6928.000000 0.267800
6929.000000 0.269700
6930.000000 0.272200
6931.000000 0.274200
6932.000000 0.276800
6933.000000 0.279400
6934.000000 0.281400
6935.000000 0.283400
6936.000000 0.285500
6937.000000 0.288100
6938.000000 0.290700
6939.000000 0.292700
6940.000000 0.295300
6941.000000 0.297400
6942.000000 0.300000
6943.000000 0.302000
6944.000000 0.304100
6945.000000 0.306700
6946.000000 0.308800
6947.000000 0.311400
6948.000000 0.314100
6949.000000 0.316100
6950.000000 0.318800
6951.000000 0.320900
6952.000000 0.322900
6953.000000 0.325000
6954.000000 0.327700
6955.000000 0.329800
6956.000000 0.331700
6957.000000 0.334300
6958.000000 0.336300
6959.000000 0.338800
6960.000000 0.340800
6961.000000 0.343400
6962.000000 0.345300
6963.000000 0.347300
6964.000000 0.349900
6965.000000 0.351900
6966.000000 0.353900
6967.000000 0.355800
6968.000000 0.357800
6969.000000 0.359800
6970.000000 0.361800
6971.000000 0.364400
6972.000000 0.366400
6973.000000 0.367800
6974.000000 0.369800
6975.000000 0.371200
6976.000000 0.372600
6977.000000 0.374600
6978.000000 0.376600
6979.000000 0.379200
6980.000000 0.381200
6981.000000 0.383600
6982.000000 0.386000
6983.000000 0.387200
6984.000000 0.389000
6985.000000 0.390800
6986.000000 0.392600
6987.000000 0.394400
6988.000000 0.395700
6989.000000 0.398100
6990.000000 0.399900
6991.000000 0.401700
6992.000000 0.404100
6993.000000 0.405300
6994.000000 0.407100
6995.000000 0.408900
6996.000000 0.410100
6997.000000 0.411900
6998.000000 0.413100
6999.000000 0.414400
7000.000000 0.416200
7001.000000 0.418000
7002.000000 0.419800
7003.000000 0.421600
7004.000000 0.423400
7005.000000 0.425200
7006.000000 0.426600
7007.000000 0.428500
7008.000000 0.430500
7009.000000 0.431800
7010.000000 0.433200
7011.000000 0.434600
7012.000000 0.435900
7013.000000 0.437300
7014.000000 0.438600
7015.000000 0.440000
7016.000000 0.441400
7017.000000 0.443300
7018.000000 0.445300
7019.000000 0.447300
7020.000000 0.448700
7021.000000 0.450600
7022.000000 0.452000
7023.000000 0.454000
7024.000000 0.455300
7025.000000 0.456700
7026.000000 0.458700
7027.000000 0.460100
7028.000000 0.462000
7029.000000 0.462800
7030.000000 0.464200
7031.000000 0.465700
7032.000000 0.467700
7033.000000 0.468600
7034.000000 0.469500
7035.000000 0.471600
7036.000000 0.473000
7037.000000 0.474500
7038.000000 0.476000
7039.000000 0.477500
7040.000000 0.479000
7041.000000 0.480500
7042.000000 0.481900
7043.000000 0.483400
7044.000000 0.484900
7045.000000 0.485800
7046.000000 0.487300
7047.000000 0.488800
7048.000000 0.489700
7049.000000 0.491200
7050.000000 0.492100
7051.000000 0.493600
7052.000000 0.494400
7053.000000 0.495900
7054.000000 0.497400
7055.000000 0.498300
7056.000000 0.499800
7057.000000 0.501200
7058.000000 0.502000
7059.000000 0.503500
7060.000000 0.504900
7061.000000 0.505800
7062.000000 0.507200
7063.000000 0.508000
7064.000000 0.508900
7065.000000 0.510900
7066.000000 0.512400
7067.000000 0.513200
7068.000000 0.514700
7069.000000 0.516100
7070.000000 0.517600
7071.000000 0.518400
7072.000000 0.519300
7073.000000 0.520100
7074.000000 0.521000
7075.000000 0.522400
7076.000000 0.523300
7077.000000 0.524100
7078.000000 0.525600
7079.000000 0.526400
7080.000000 0.527900
7081.000000 0.528500
7082.000000 0.529100
7083.000000 0.530300
7084.000000 0.530900
7085.000000 0.531500
7086.000000 0.532700
7087.000000 0.533300
7088.000000 0.534500
7089.000000 0.535100
7090.000000 0.535700
7091.000000 0.536300
7092.000000 0.536900
7093.000000 0.537500
7094.000000 0.538700
7095.000000 0.539300
7096.000000 0.539900
7097.000000 0.540500
7098.000000 0.541700
7099.000000 0.542300
7100.000000 0.543500
7101.000000 0.544100
7102.000000 0.545300
7103.000000 0.545200
7104.000000 0.545800
7105.000000 0.545800
7106.000000 0.545900
7107.000000 0.546000
7108.000000 0.545600
7109.000000 0.545700
7110.000000 0.545800
7111.000000 0.546000
7112.000000 0.546100
7113.000000 0.546200
7114.000000 0.547000
7115.000000 0.547100
7116.000000 0.547200
7117.000000 0.548000
7118.000000 0.548100
7119.000000 0.547600
7120.000000 0.547700
7121.000000 0.547900
7122.000000 0.547400
7123.000000 0.547500
7124.000000 0.547600
7125.000000 0.547700
7126.000000 0.547900
7127.000000 0.548000
7128.000000 0.547500
7129.000000 0.547600
7130.000000 0.547100
7131.000000 0.546700
7132.000000 0.545600
7133.000000 0.545200
7134.000000 0.544800
7135.000000 0.544300
7136.000000 0.544500
7137.000000 0.544100
7138.000000 0.543000
7139.000000 0.542600
7140.000000 0.541500
7141.000000 0.540500
7142.000000 0.539400
7143.000000 0.538400
7144.000000 0.537900
7145.000000 0.537500
7146.000000 0.537000
7147.000000 0.537200
7148.000000 0.536700
7149.000000 0.536200
7150.000000 0.535800
7151.000000 0.535300
7152.000000 0.534300
7153.000000 0.533800
7154.000000 0.533300
7155.000000 0.532900
7156.000000 0.532600
7157.000000 0.531800
7158.000000 0.531500
7159.000000 0.530700
7160.000000 0.529200
7161.000000 0.529000
7162.000000 0.528100
7163.000000 0.527300
7164.000000 0.527000
7165.000000 0.526800
7166.000000 0.526500
7167.000000 0.526200
7168.000000 0.525400
7169.000000 0.525100
7170.000000 0.524300
7171.000000 0.523400
7172.000000 0.523200
7173.000000 0.522300
7174.000000 0.522100
7175.000000 0.521800
7176.000000 0.521500
7177.000000 0.520700
7178.000000 0.519800
7179.000000 0.519000
7180.000000 0.518700
7181.000000 0.518900
7182.000000 0.519700
7183.000000 0.520000
7184.000000 0.520800
7185.000000 0.521100
7186.000000 0.521900
7187.000000 0.522100
7188.000000 0.522400
7189.000000 0.523200
7190.000000 0.524000
7191.000000 0.524800
7192.000000 0.525100
7193.000000 0.525900
7194.000000 0.526700
7195.000000 0.527000
7196.000000 0.526700
7197.000000 0.527500
7198.000000 0.527700
7199.000000 0.528000
7200.000000 0.528300
7201.000000 0.529100
7202.000000 0.529300
7203.000000 0.530200
7204.000000 0.531000
7205.000000 0.531200
7206.000000 0.531700
7207.000000 0.532200
7208.000000 0.533200
7209.000000 0.533600
7210.000000 0.534100
7211.000000 0.534600
7212.000000 0.535600
7213.000000 0.536000
7214.000000 0.537100
7215.000000 0.538100
7216.000000 0.539100
7217.000000 0.539600
7218.000000 0.540100
7219.000000 0.541100
7220.000000 0.541500
7221.000000 0.542000
7222.000000 0.542500
7223.000000 0.542900
7224.000000 0.543400
7225.000000 0.543900
7226.000000 0.544300
7227.000000 0.545400
7228.000000 0.545800
7229.000000 0.546300
7230.000000 0.547400
7231.000000 0.547400
7232.000000 0.547900
7233.000000 0.547900
7234.000000 0.547900
7235.000000 0.547900
7236.000000 0.547900
7237.000000 0.547900
7238.000000 0.548500
7239.000000 0.548500
7240.000000 0.549100
7241.000000 0.549100
7242.000000 0.549700
7243.000000 0.549100
7244.000000 0.549100
7245.000000 0.549100
7246.000000 0.549100
7247.000000 0.549700
7248.000000 0.549700
7249.000000 0.549700
7250.000000 0.550300
7251.000000 0.550300
7252.000000 0.550300
7253.000000 0.550300
7254.000000 0.550900
7255.000000 0.551500
7256.000000 0.551900
7257.000000 0.551800
7258.000000 0.552200
7259.000000 0.552100
7260.000000 0.552000
7261.000000 0.551800
7262.000000 0.551700
7263.000000 0.551000
7264.000000 0.550900
7265.000000 0.550200
7266.000000 0.550000
7267.000000 0.549900
7268.000000 0.550400
7269.000000 0.550800
7270.000000 0.550700
7271.000000 0.551100
7272.000000 0.551000
7273.000000 0.550900
7274.000000 0.550200
7275.000000 0.550000
7276.000000 0.550500
7277.000000 0.550400
7278.000000 0.550200
7279.000000 0.550100
7280.000000 0.550500
7281.000000 0.550700
7282.000000 0.551400
7283.000000 0.551000
7284.000000 0.551100
7285.000000 0.551300
7286.000000 0.551400
7287.000000 0.551500
7288.000000 0.551100
7289.000000 0.551800
7290.000000 0.552500
7291.000000 0.553200
7292.000000 0.554000
7293.000000 0.554100
7294.000000 0.554800
7295.000000 0.555000
7296.000000 0.555700
7297.000000 0.555200
7298.000000 0.554800
7299.000000 0.554900
7300.000000 0.555100
7301.000000 0.554600
7302.000000 0.554200
7303.000000 0.554900
7304.000000 0.555000
7305.000000 0.555100
7306.000000 0.556200
7307.000000 0.556600
7308.000000 0.557700
7309.000000 0.558100
7310.000000 0.558600
7311.000000 0.559100
7312.000000 0.559500
7313.000000 0.560000
7314.000000 0.561000
7315.000000 0.561500
7316.000000 0.562000
7317.000000 0.562400
7318.000000 0.562900
7319.000000 0.563400
7320.000000 0.563800
7321.000000 0.564300
7322.000000 0.564200
7323.000000 0.564600
7324.000000 0.565100
7325.000000 0.565000
7326.000000 0.565400
7327.000000 0.565900
7328.000000 0.566400
7329.000000 0.566800
7330.000000 0.566700
7331.000000 0.566800
7332.000000 0.566900
7333.000000 0.567600
7334.000000 0.568300
7335.000000 0.568500
7336.000000 0.568600
7337.000000 0.568700
7338.000000 0.568800
7339.000000 0.568900
7340.000000 0.569100
7341.000000 0.569800
7342.000000 0.569900
7343.000000 0.570000
7344.000000 0.570100
7345.000000 0.570300
7346.000000 0.570400
7347.000000 0.569900
7348.000000 0.570000
7349.000000 0.570700
7350.000000 0.571400
7351.000000 0.572200
7352.000000 0.572900
7353.000000 0.573000
7354.000000 0.573100
7355.000000 0.573200
7356.000000 0.573200
7357.000000 0.572500
7358.000000 0.571800
7359.000000 0.572400
7360.000000 0.572300
7361.000000 0.572800
7362.000000 0.572800
7363.000000 0.572700
7364.000000 0.572600
7365.000000 0.572000
7366.000000 0.571900
7367.000000 0.571800
7368.000000 0.571200
7369.000000 0.571700
7370.000000 0.572200
7371.000000 0.571600
7372.000000 0.571500
7373.000000 0.572000
7374.000000 0.571900
7375.000000 0.572500
7376.000000 0.572400
7377.000000 0.572900
7378.000000 0.572800
7379.000000 0.572800
7380.000000 0.572100
7381.000000 0.572700
7382.000000 0.572700
7383.000000 0.572700
7384.000000 0.572700
7385.000000 0.572700
7386.000000 0.572700
7387.000000 0.572100
7388.000000 0.571500
7389.000000 0.570900
7390.000000 0.570900
7391.000000 0.570900
7392.000000 0.571400
7393.000000 0.572000
7394.000000 0.572000
7395.000000 0.572600
7396.000000 0.572600
7397.000000 0.573200
7398.000000 0.573200
7399.000000 0.573700
7400.000000 0.573700
7401.000000 0.573700
7402.000000 0.573700
7403.000000 0.573100
7404.000000 0.573100
7405.000000 0.573600
7406.000000 0.573600
7407.000000 0.573600
7408.000000 0.574200
7409.000000 0.573600
7410.000000 0.573600
7411.000000 0.573000
7412.000000 0.573000
7413.000000 0.572400
7414.000000 0.572400
7415.000000 0.572900
7416.000000 0.572900
7417.000000 0.572900
7418.000000 0.572900
7419.000000 0.572900
7420.000000 0.573500
7421.000000 0.573400
7422.000000 0.572800
7423.000000 0.573400
7424.000000 0.574000
7425.000000 0.573400
7426.000000 0.573400
7427.000000 0.572800
7428.000000 0.572800
7429.000000 0.572800
7430.000000 0.572700
7431.000000 0.573300
7432.000000 0.573800
7433.000000 0.573800
7434.000000 0.573100
7435.000000 0.573100
7436.000000 0.573600
7437.000000 0.573000
7438.000000 0.572900
7439.000000 0.573500
7440.000000 0.574000
7441.000000 0.573400
7442.000000 0.573300
7443.000000 0.572700
7444.000000 0.572700
7445.000000 0.572700
7446.000000 0.572600
7447.000000 0.573200
7448.000000 0.573700
7449.000000 0.573700
7450.000000 0.574300
7451.000000 0.574200
7452.000000 0.574800
7453.000000 0.574200
7454.000000 0.573600
7455.000000 0.573500
7456.000000 0.574000
7457.000000 0.573900
7458.000000 0.573800
7459.000000 0.573700
7460.000000 0.573000
7461.000000 0.573500
7462.000000 0.573300
7463.000000 0.573200
7464.000000 0.573100
7465.000000 0.573600
7466.000000 0.574100
7467.000000 0.573400
7468.000000 0.572700
7469.000000 0.572600
7470.000000 0.571900
7471.000000 0.571200
7472.000000 0.570500
7473.000000 0.571000
7474.000000 0.572000
7475.000000 0.571900
7476.000000 0.571800
7477.000000 0.572300
7478.000000 0.572200
7479.000000 0.572100
7480.000000 0.572000
7481.000000 0.571800
7482.000000 0.571000
7483.000000 0.571400
7484.000000 0.571200
7485.000000 0.571100
7486.000000 0.570900
7487.000000 0.570700
7488.000000 0.570500
7489.000000 0.570300
7490.000000 0.570100
7491.000000 0.570000
7492.000000 0.569200
7493.000000 0.568400
7494.000000 0.568200
7495.000000 0.568000
7496.000000 0.568400
7497.000000 0.568300
7498.000000 0.568700
7499.000000 0.568500
7500.000000 0.567700
7501.000000 0.567500
7502.000000 0.567300
7503.000000 0.567200
7504.000000 0.567600
7505.000000 0.568500
7506.000000 0.569600
7507.000000 0.568900
7508.000000 0.568200
7509.000000 0.567500
7510.000000 0.566800
7511.000000 0.566100
7512.000000 0.564800
7513.000000 0.565200
7514.000000 0.566300
7515.000000 0.566200
7516.000000 0.566600
7517.000000 0.566500
7518.000000 0.566400
7519.000000 0.565700
7520.000000 0.565000
7521.000000 0.564900
7522.000000 0.564200
7523.000000 0.564000
7524.000000 0.563900
7525.000000 0.563800
7526.000000 0.564300
7527.000000 0.564100
7528.000000 0.564000
7529.000000 0.563300
7530.000000 0.562600
7531.000000 0.562700
7532.000000 0.562800
7533.000000 0.562900
7534.000000 0.563600
7535.000000 0.564300
7536.000000 0.564400
7537.000000 0.565100
7538.000000 0.565200
7539.000000 0.565300
7540.000000 0.564800
7541.000000 0.564900
7542.000000 0.564500
7543.000000 0.564000
7544.000000 0.562900
7545.000000 0.564200
7546.000000 0.564900
7547.000000 0.565000
7548.000000 0.565100
7549.000000 0.565800
7550.000000 0.566500
7551.000000 0.566000
7552.000000 0.565500
7553.000000 0.565700
7554.000000 0.565800
7555.000000 0.565900
7556.000000 0.565700
7557.000000 0.564900
7558.000000 0.564200
7559.000000 0.564000
7560.000000 0.563800
7561.000000 0.563600
7562.000000 0.564000
7563.000000 0.564400
7564.000000 0.564800
7565.000000 0.565200
7566.000000 0.565600
7567.000000 0.565400
7568.000000 0.565300
7569.000000 0.565100
7570.000000 0.564300
7571.000000 0.563600
7572.000000 0.562800
7573.000000 0.562000
7574.000000 0.561900
7575.000000 0.562300
7576.000000 0.562700
7577.000000 0.561900
7578.000000 0.561700
7579.000000 0.562100
7580.000000 0.561900
7581.000000 0.550600
7582.000000 0.538700
7583.000000 0.528500
7584.000000 0.518300
7585.000000 0.507500
7586.000000 0.496700
7587.000000 0.485500
7588.000000 0.474200
7589.000000 0.463500
7590.000000 0.452800
7591.000000 0.441600
7592.000000 0.430400
7593.000000 0.420100
7594.000000 0.409800
7595.000000 0.399100
7596.000000 0.388400
7597.000000 0.377700
7598.000000 0.367000
7599.000000 0.356200
7600.000000 0.345500
7601.000000 0.334500
7602.000000 0.323400
7603.000000 0.313000
7604.000000 0.302700
7605.000000 0.291900
7606.000000 0.295700
7607.000000 0.299500
7608.000000 0.303000
7609.000000 0.307100
7610.000000 0.311300
7611.000000 0.315100
7612.000000 0.318900
7613.000000 0.323000
7614.000000 0.327100
7615.000000 0.330600
7616.000000 0.334400
7617.000000 0.337900
7618.000000 0.341300
7619.000000 0.345100
7620.000000 0.348900
7621.000000 0.352400
7622.000000 0.356100
7623.000000 0.359900
7624.000000 0.363700
7625.000000 0.367500
7626.000000 0.371300
7627.000000 0.375500
7628.000000 0.379700
7629.000000 0.383500
7630.000000 0.387600
7631.000000 0.390500
7632.000000 0.393800
7633.000000 0.396600
7634.000000 0.399900
7635.000000 0.403100
7636.000000 0.405900
7637.000000 0.409600
7638.000000 0.412900
7639.000000 0.416100
7640.000000 0.419400
7641.000000 0.422600
7642.000000 0.425800
7643.000000 0.429100
7644.000000 0.432300
7645.000000 0.436000
7646.000000 0.439700
7647.000000 0.443400
7648.000000 0.446700
7649.000000 0.449900
7650.000000 0.453600
7651.000000 0.456400
7652.000000 0.459700
7653.000000 0.462900
7654.000000 0.466600
7655.000000 0.469400
7656.000000 0.473100
7657.000000 0.476800
7658.000000 0.480500
7659.000000 0.483800
7660.000000 0.487500
7661.000000 0.490700
7662.000000 0.493900
7663.000000 0.497500
7664.000000 0.500700
7665.000000 0.504400
7666.000000 0.508100
7667.000000 0.511800
7668.000000 0.515500
7669.000000 0.519200
7670.000000 0.522800
7671.000000 0.526500
7672.000000 0.529700
7673.000000 0.534500
7674.000000 0.538700
7675.000000 0.542400
7676.000000 0.545500
7677.000000 0.550300
7678.000000 0.555100
7679.000000 0.558300
7680.000000 0.562000
7681.000000 0.562000
7682.000000 0.562000
7683.000000 0.561400
7684.000000 0.560800
7685.000000 0.560800
7686.000000 0.560800
7687.000000 0.560800
7688.000000 0.561400
7689.000000 0.561400
7690.000000 0.561400
7691.000000 0.560900
7692.000000 0.560300
7693.000000 0.560300
7694.000000 0.560300
7695.000000 0.560300
7696.000000 0.559700
7697.000000 0.560300
7698.000000 0.560900
7699.000000 0.560300
7700.000000 0.560300
7701.000000 0.560300
7702.000000 0.560300
7703.000000 0.559800
7704.000000 0.559800
7705.000000 0.559700
7706.000000 0.560400
7707.000000 0.559800
7708.000000 0.559800
7709.000000 0.560500
7710.000000 0.561100
7711.000000 0.560500
7712.000000 0.560000
7713.000000 0.560000
7714.000000 0.560600
7715.000000 0.560600
7716.000000 0.561300
7717.000000 0.560700
7718.000000 0.560700
7719.000000 0.560200
7720.000000 0.560200
7721.000000 0.559700
7722.000000 0.559700
7723.000000 0.559800
7724.000000 0.560400
7725.000000 0.560400
7726.000000 0.560400
7727.000000 0.560500
7728.000000 0.560500
7729.000000 0.561100
7730.000000 0.561100
7731.000000 0.561100
7732.000000 0.561100
7733.000000 0.561600
7734.000000 0.562100
7735.000000 0.562100
7736.000000 0.562000
7737.000000 0.562000
7738.000000 0.561400
7739.000000 0.560800
7740.000000 0.560200
7741.000000 0.561300
7742.000000 0.561800
7743.000000 0.561800
7744.000000 0.562300
7745.000000 0.562200
7746.000000 0.562800
7747.000000 0.562700
7748.000000 0.562100
7749.000000 0.561500
7750.000000 0.561500
7751.000000 0.560800
7752.000000 0.559700
7753.000000 0.559000
7754.000000 0.558400
7755.000000 0.558400
7756.000000 0.558900
7757.000000 0.558800
7758.000000 0.558700
7759.000000 0.559200
7760.000000 0.559600
7761.000000 0.559500
7762.000000 0.559500
7763.000000 0.559400
7764.000000 0.559800
7765.000000 0.559800
7766.000000 0.559700
7767.000000 0.559600
7768.000000 0.559500
7769.000000 0.560000
7770.000000 0.559900
7771.000000 0.559800
7772.000000 0.559700
7773.000000 0.559600
7774.000000 0.559500
7775.000000 0.559400
7776.000000 0.558700
7777.000000 0.559200
7778.000000 0.559700
7779.000000 0.559600
7780.000000 0.559500
7781.000000 0.559900
7782.000000 0.559800
7783.000000 0.559700
7784.000000 0.559600
7785.000000 0.558900
7786.000000 0.558200
7787.000000 0.557500
7788.000000 0.557400
7789.000000 0.556700
7790.000000 0.556600
7791.000000 0.556400
7792.000000 0.556300
7793.000000 0.556200
7794.000000 0.556100
7795.000000 0.555400
7796.000000 0.555300
7797.000000 0.554600
7798.000000 0.554500
7799.000000 0.554900
7800.000000 0.555400
7801.000000 0.555200
7802.000000 0.554500
7803.000000 0.555000
7804.000000 0.555400
7805.000000 0.555300
7806.000000 0.555200
7807.000000 0.555600
7808.000000 0.556100
7809.000000 0.555400
7810.000000 0.555200
7811.000000 0.554500
7812.000000 0.553800
7813.000000 0.553700
7814.000000 0.553600
7815.000000 0.553400
7816.000000 0.553900
7817.000000 0.553800
7818.000000 0.554200
7819.000000 0.554100
7820.000000 0.553400
7821.000000 0.553300
7822.000000 0.553100
7823.000000 0.553000
7824.000000 0.552900
7825.000000 0.552800
7826.000000 0.552600
7827.000000 0.552500
7828.000000 0.552900
7829.000000 0.552800
7830.000000 0.553300
7831.000000 0.553100
7832.000000 0.553000
7833.000000 0.552900
7834.000000 0.552800
7835.000000 0.552700
7836.000000 0.552000
7837.000000 0.552500
7838.000000 0.552400
7839.000000 0.552200
7840.000000 0.552100
7841.000000 0.552000
7842.000000 0.551900
7843.000000 0.551800
7844.000000 0.551700
7845.000000 0.551000
7846.000000 0.550900
7847.000000 0.550800
7848.000000 0.550100
7849.000000 0.550000
7850.000000 0.549900
7851.000000 0.549200
7852.000000 0.549100
7853.000000 0.549000
7854.000000 0.548900
7855.000000 0.548700
7856.000000 0.548700
7857.000000 0.549200
7858.000000 0.549700
7859.000000 0.549600
7860.000000 0.549500
7861.000000 0.548900
7862.000000 0.548300
7863.000000 0.548200
7864.000000 0.548100
7865.000000 0.548100
7866.000000 0.548000
7867.000000 0.548500
7868.000000 0.549000
7869.000000 0.548900
7870.000000 0.548300
7871.000000 0.548200
7872.000000 0.547600
7873.000000 0.547500
7874.000000 0.548000
7875.000000 0.547900
7876.000000 0.547800
7877.000000 0.547800
7878.000000 0.547700
7879.000000 0.547600
7880.000000 0.547000
7881.000000 0.546400
7882.000000 0.545900
7883.000000 0.546400
7884.000000 0.546400
7885.000000 0.547000
7886.000000 0.547500
7887.000000 0.548100
7888.000000 0.548600
7889.000000 0.548000
7890.000000 0.548000
7891.000000 0.547500
7892.000000 0.546900
7893.000000 0.546900
7894.000000 0.546900
7895.000000 0.546800
7896.000000 0.546800
7897.000000 0.546800
7898.000000 0.547400
7899.000000 0.547900
7900.000000 0.547900
7901.000000 0.548500
7902.000000 0.548400
7903.000000 0.548400
7904.000000 0.548400
7905.000000 0.548300
7906.000000 0.548400
7907.000000 0.548400
7908.000000 0.548400
7909.000000 0.549000
7910.000000 0.549100
7911.000000 0.549100
7912.000000 0.548600
7913.000000 0.548100
7914.000000 0.547500
7915.000000 0.548100
7916.000000 0.548200
7917.000000 0.548200
7918.000000 0.547700
7919.000000 0.548800
7920.000000 0.549400
7921.000000 0.549500
7922.000000 0.549500
7923.000000 0.549000
7924.000000 0.549000
7925.000000 0.548500
7926.000000 0.548500
7927.000000 0.547400
7928.000000 0.546300
7929.000000 0.546400
7930.000000 0.546400
7931.000000 0.546500
7932.000000 0.546500
7933.000000 0.547200
7934.000000 0.547200
7935.000000 0.547900
7936.000000 0.548500
7937.000000 0.548600
7938.000000 0.549200
7939.000000 0.549300
7940.000000 0.549900
7941.000000 0.549400
7942.000000 0.549500
7943.000000 0.549000
7944.000000 0.547900
7945.000000 0.548000
7946.000000 0.547500
7947.000000 0.547600
7948.000000 0.547600
7949.000000 0.548300
7950.000000 0.548900
7951.000000 0.549000
7952.000000 0.549000
7953.000000 0.548500
7954.000000 0.548600
7955.000000 0.548100
7956.000000 0.547500
7957.000000 0.548600
7958.000000 0.549100
7959.000000 0.548500
7960.000000 0.548000
7961.000000 0.547900
7962.000000 0.548500
7963.000000 0.547900
7964.000000 0.547300
7965.000000 0.548400
7966.000000 0.549500
7967.000000 0.549400
7968.000000 0.549400
7969.000000 0.549400
7970.000000 0.549400
7971.000000 0.548800
7972.000000 0.548700
7973.000000 0.548100
7974.000000 0.548100
7975.000000 0.548700
7976.000000 0.549200
7977.000000 0.549200
7978.000000 0.549200
7979.000000 0.549700
7980.000000 0.550200
7981.000000 0.550100
7982.000000 0.549500
7983.000000 0.548800
7984.000000 0.548200
7985.000000 0.548100
7986.000000 0.548000
7987.000000 0.547900
7988.000000 0.547800
7989.000000 0.547800
7990.000000 0.547700
7991.000000 0.547600
7992.000000 0.547500
7993.000000 0.548000
7994.000000 0.547900
7995.000000 0.548400
7996.000000 0.548800
7997.000000 0.548800
7998.000000 0.548700
7999.000000 0.548600
8000.000000 0.547900
8001.000000 0.548400
8002.000000 0.548900
8003.000000 0.549300
8004.000000 0.549800
8005.000000 0.549700
8006.000000 0.549000
8007.000000 0.548300
8008.000000 0.547100
8009.000000 0.546400
8010.000000 0.545800
8011.000000 0.545100
8012.000000 0.543900
8013.000000 0.543800
8014.000000 0.543100
8015.000000 0.543000
8016.000000 0.542900
8017.000000 0.543400
8018.000000 0.544400
8019.000000 0.544900
8020.000000 0.545300
8021.000000 0.545200
8022.000000 0.545700
8023.000000 0.545000
8024.000000 0.544400
8025.000000 0.544800
8026.000000 0.545300
8027.000000 0.545200
8028.000000 0.545100
8029.000000 0.545000
8030.000000 0.544900
8031.000000 0.544200
8032.000000 0.544100
8033.000000 0.543400
8034.000000 0.543300
8035.000000 0.543200
8036.000000 0.543700
8037.000000 0.543600
8038.000000 0.544000
8039.000000 0.543900
8040.000000 0.544400
8041.000000 0.544900
8042.000000 0.545300
8043.000000 0.545200
8044.000000 0.544500
8045.000000 0.544400
8046.000000 0.543800
8047.000000 0.544200
8048.000000 0.544100
8049.000000 0.544600
8050.000000 0.545000
8051.000000 0.544900
8052.000000 0.544300
8053.000000 0.543600
8054.000000 0.542400
8055.000000 0.541700
8056.000000 0.541000
8057.000000 0.541500
8058.000000 0.541900
8059.000000 0.542300
8060.000000 0.543300
8061.000000 0.543100
8062.000000 0.543500
8063.000000 0.543400
8064.000000 0.543200
8065.000000 0.542500
8066.000000 0.541800
8067.000000 0.541700
8068.000000 0.541500
8069.000000 0.540800
8070.000000 0.540100
8071.000000 0.539400
8072.000000 0.538700
8073.000000 0.539200
8074.000000 0.539000
8075.000000 0.539400
8076.000000 0.540400
8077.000000 0.540800
8078.000000 0.541300
8079.000000 0.540600
8080.000000 0.540500
8081.000000 0.540000
8082.000000 0.539500
8083.000000 0.537900
8084.000000 0.536900
8085.000000 0.536400
8086.000000 0.535300
8087.000000 0.534300
8088.000000 0.533800
8089.000000 0.533300
8090.000000 0.533400
8091.000000 0.533500
8092.000000 0.533500
8093.000000 0.533600
8094.000000 0.533600
8095.000000 0.533700
8096.000000 0.533800
8097.000000 0.533800
8098.000000 0.533300
8099.000000 0.533400
8100.000000 0.532900
8101.000000 0.532400
8102.000000 0.531300
8103.000000 0.530800
8104.000000 0.530900
8105.000000 0.529800
8106.000000 0.528700
8107.000000 0.527500
8108.000000 0.526900
8109.000000 0.525700
8110.000000 0.524500
8111.000000 0.523900
8112.000000 0.523300
8113.000000 0.522100
8114.000000 0.520900
8115.000000 0.521400
8116.000000 0.521800
8117.000000 0.520700
8118.000000 0.520000
8119.000000 0.519900
8120.000000 0.519800
8121.000000 0.518100
8122.000000 0.517000
8123.000000 0.515800
8124.000000 0.515200
8125.000000 0.514600
8126.000000 0.514500
8127.000000 0.513800
8128.000000 0.513200
8129.000000 0.513100
8130.000000 0.513500
8131.000000 0.512400
8132.000000 0.511300
8133.000000 0.510800
8134.000000 0.510200
8135.000000 0.508600
8136.000000 0.507000
8137.000000 0.506400
8138.000000 0.505400
8139.000000 0.504300
8140.000000 0.503200
8141.000000 0.503200
8142.000000 0.503100
8143.000000 0.501500
8144.000000 0.499900
8145.000000 0.499900
8146.000000 0.499900
8147.000000 0.499300
8148.000000 0.498700
8149.000000 0.498700
8150.000000 0.499200
8151.000000 0.498100
8152.000000 0.497000
8153.000000 0.496000
8154.000000 0.494900
8155.000000 0.495400
8156.000000 0.496000
8157.000000 0.495500
8158.000000 0.495100
8159.000000 0.495200
8160.000000 0.495300
8161.000000 0.493900
8162.000000 0.492500
8163.000000 0.492100
8164.000000 0.491700
8165.000000 0.491300
8166.000000 0.490400
8167.000000 0.491000
8168.000000 0.491100
8169.000000 0.490700
8170.000000 0.490300
8171.000000 0.489400
8172.000000 0.489000
8173.000000 0.488600
8174.000000 0.488200
8175.000000 0.487800
8176.000000 0.487400
8177.000000 0.487500
8178.000000 0.487600
8179.000000 0.486700
8180.000000 0.486300
8181.000000 0.485600
8182.000000 0.485300
8183.000000 0.485600
8184.000000 0.485300
8185.000000 0.485000
8186.000000 0.484800
8187.000000 0.484000
8188.000000 0.483800
8189.000000 0.483000
8190.000000 0.481800
8191.000000 0.481500
8192.000000 0.481300
8193.000000 0.481000
8194.000000 0.480300
8195.000000 0.480000
8196.000000 0.479800
8197.000000 0.479000
8198.000000 0.478300
8199.000000 0.478000
8200.000000 0.477300
8201.000000 0.476500
8202.000000 0.476200
8203.000000 0.475500
8204.000000 0.474700
8205.000000 0.474900
8206.000000 0.474800
8207.000000 0.474600
8208.000000 0.475000
8209.000000 0.474400
8210.000000 0.473800
8211.000000 0.474100
8212.000000 0.474500
8213.000000 0.473900
8214.000000 0.472800
8215.000000 0.473100
8216.000000 0.473000
8217.000000 0.472900
8218.000000 0.472300
8219.000000 0.472600
8220.000000 0.472500
8221.000000 0.471900
8222.000000 0.471300
8223.000000 0.471100
8224.000000 0.471000
8225.000000 0.471400
8226.000000 0.471200
8227.000000 0.472100
8228.000000 0.472900
8229.000000 0.472800
8230.000000 0.472700
8231.000000 0.472700
8232.000000 0.472200
8233.000000 0.471800
8234.000000 0.470800
8235.000000 0.470300
8236.000000 0.469800
8237.000000 0.469900
8238.000000 0.469400
8239.000000 0.469900
8240.000000 0.469900
8241.000000 0.469400
8242.000000 0.469000
8243.000000 0.469500
8244.000000 0.470500
8245.000000 0.470000
8246.000000 0.469500
8247.000000 0.470500
8248.000000 0.471600
8249.000000 0.471600
8250.000000 0.471100
8251.000000 0.472100
8252.000000 0.472600
8253.000000 0.472200
8254.000000 0.471700
8255.000000 0.471700
8256.000000 0.471900
8257.000000 0.471600
8258.000000 0.471800
8259.000000 0.471500
8260.000000 0.471600
8261.000000 0.470800
8262.000000 0.470500
8263.000000 0.470700
8264.000000 0.470900
8265.000000 0.471000
8266.000000 0.471200
8267.000000 0.472400
8268.000000 0.473000
8269.000000 0.472700
8270.000000 0.472900
8271.000000 0.472600
8272.000000 0.472300
8273.000000 0.471900
8274.000000 0.471600
8275.000000 0.471800
8276.000000 0.472000
8277.000000 0.472100
8278.000000 0.472800
8279.000000 0.472500
8280.000000 0.471700
8281.000000 0.473000
8282.000000 0.473800
8283.000000 0.473600
8284.000000 0.473500
8285.000000 0.473800
8286.000000 0.473700
8287.000000 0.473000
8288.000000 0.472300
8289.000000 0.473200
8290.000000 0.473500
8291.000000 0.474800
8292.000000 0.475600
8293.000000 0.475500
8294.000000 0.475300
8295.000000 0.475600
8296.000000 0.476000
8297.000000 0.475800
8298.000000 0.475600
8299.000000 0.476400
8300.000000 0.477300
8301.000000 0.477100
8302.000000 0.476900
8303.000000 0.477700
8304.000000 0.478500
8305.000000 0.477300
8306.000000 0.476700
8307.000000 0.477100
8308.000000 0.477400
8309.000000 0.477300
8310.000000 0.477200
8311.000000 0.478000
8312.000000 0.478400
8313.000000 0.478800
8314.000000 0.478600
8315.000000 0.479000
8316.000000 0.479400
8317.000000 0.479800
8318.000000 0.480600
8319.000000 0.479500
8320.000000 0.478800
8321.000000 0.478200
8322.000000 0.477000
8323.000000 0.476400
8324.000000 0.475700
8325.000000 0.475500
8326.000000 0.475400
8327.000000 0.475200
8328.000000 0.475100
8329.000000 0.474900
8330.000000 0.474300
8331.000000 0.472800
8332.000000 0.471400
8333.000000 0.471000
8334.000000 0.470100
8335.000000 0.469700
8336.000000 0.469300
8337.000000 0.468900
8338.000000 0.468000
8339.000000 0.468100
8340.000000 0.467700
8341.000000 0.466200
8342.000000 0.464800
8343.000000 0.463900
8344.000000 0.463000
8345.000000 0.460500
8346.000000 0.458000
8347.000000 0.457100
8348.000000 0.455700
8349.000000 0.455800
8350.000000 0.455300
8351.000000 0.454900
8352.000000 0.454000
8353.000000 0.453100
8354.000000 0.452200
8355.000000 0.449700
8356.000000 0.446500
8357.000000 0.445800
8358.000000 0.444600
8359.000000 0.442500
8360.000000 0.440300
8361.000000 0.439100
8362.000000 0.438000
8363.000000 0.435800
8364.000000 0.434100
8365.000000 0.433000
8366.000000 0.431800
8367.000000 0.429100
8368.000000 0.426400
8369.000000 0.423700
8370.000000 0.420500
8371.000000 0.418300
8372.000000 0.415600
8373.000000 0.414000
8374.000000 0.412300
8375.000000 0.411200
8376.000000 0.410600
8377.000000 0.407900
8378.000000 0.405700
8379.000000 0.403500
8380.000000 0.400900
8381.000000 0.398200
8382.000000 0.395500
8383.000000 0.391800
8384.000000 0.388700
8385.000000 0.385500
8386.000000 0.382800
8387.000000 0.379700
8388.000000 0.376500
8389.000000 0.375400
8390.000000 0.374200
8391.000000 0.373100
8392.000000 0.371500
8393.000000 0.368800
8394.000000 0.366200
8395.000000 0.363000
8396.000000 0.360400
8397.000000 0.356700
8398.000000 0.353000
8399.000000 0.350400
8400.000000 0.347800
8401.000000 0.344100
8402.000000 0.340900
8403.000000 0.337800
8404.000000 0.334600
8405.000000 0.331400
8406.000000 0.328800
8407.000000 0.325100
8408.000000 0.321500
8409.000000 0.318800
8410.000000 0.316200
8411.000000 0.313100
8412.000000 0.309900
8413.000000 0.307800
8414.000000 0.305200
8415.000000 0.302500
8416.000000 0.299400
8417.000000 0.296800
8418.000000 0.293700
8419.000000 0.291000
8420.000000 0.288400
8421.000000 0.285300
8422.000000 0.282700
8423.000000 0.279000
8424.000000 0.275400
8425.000000 0.272800
8426.000000 0.269700
8427.000000 0.267100
8428.000000 0.264000
8429.000000 0.261900
8430.000000 0.259300
8431.000000 0.255200
8432.000000 0.251000
8433.000000 0.248400
8434.000000 0.245900
8435.000000 0.243300
8436.000000 0.240200
8437.000000 0.238600
8438.000000 0.237000
8439.000000 0.234000
8440.000000 0.230400
8441.000000 0.227800
8442.000000 0.224700
8443.000000 0.221600
8444.000000 0.218600
8445.000000 0.215500
8446.000000 0.212900
8447.000000 0.209800
8448.000000 0.207300
8449.000000 0.204700
8450.000000 0.201600
8451.000000 0.199100
8452.000000 0.196500
8453.000000 0.193900
8454.000000 0.191900
8455.000000 0.188800
8456.000000 0.186300
8457.000000 0.183200
8458.000000 0.180100
8459.000000 0.178100
8460.000000 0.176000
8461.000000 0.174000
8462.000000 0.171500
8463.000000 0.169900
8464.000000 0.167900
8465.000000 0.165800
8466.000000 0.163300
8467.000000 0.160700
8468.000000 0.158700
8469.000000 0.155600
8470.000000 0.153100
8471.000000 0.151600
8472.000000 0.149500
8473.000000 0.147500
8474.000000 0.145500
8475.000000 0.143400
8476.000000 0.141400
8477.000000 0.139400
8478.000000 0.137300
8479.000000 0.134800
8480.000000 0.132300
8481.000000 0.131200
8482.000000 0.130200
8483.000000 0.127700
8484.000000 0.125200
8485.000000 0.123600
8486.000000 0.122100
8487.000000 0.120100
8488.000000 0.117600
8489.000000 0.116000
8490.000000 0.114500
8491.000000 0.112500
8492.000000 0.111000
8493.000000 0.109000
8494.000000 0.107500
8495.000000 0.105900
8496.000000 0.104400
8497.000000 0.102900
8498.000000 0.101400
8499.000000 0.098900
8500.000000 0.096900
8501.000000 0.094900
8502.000000 0.092400
8503.000000 0.090900
8504.000000 0.089300
8505.000000 0.088300
8506.000000 0.087300
8507.000000 0.086300
8508.000000 0.085300
8509.000000 0.083800
8510.000000 0.082300
8511.000000 0.080800
8512.000000 0.079300
8513.000000 0.077800
8514.000000 0.076700
8515.000000 0.075200
8516.000000 0.074200
8517.000000 0.072700
8518.000000 0.071200
8519.000000 0.069700
8520.000000 0.068700
8521.000000 0.067200
8522.000000 0.066200
8523.000000 0.065200
8524.000000 0.064200
8525.000000 0.063700
8526.000000 0.062700
8527.000000 0.061700
8528.000000 0.061200
8529.000000 0.059700
8530.000000 0.058200
8531.000000 0.056700
8532.000000 0.055200
8533.000000 0.053700
8534.000000 0.052200
8535.000000 0.051200
8536.000000 0.050200
8537.000000 0.049200
8538.000000 0.048200
8539.000000 0.047200
8540.000000 0.046700
8541.000000 0.046200
8542.000000 0.045700
8543.000000 0.045200
8544.000000 0.044700
8545.000000 0.043700
8546.000000 0.042700
8547.000000 0.041700
8548.000000 0.040700
8549.000000 0.039700
8550.000000 0.039200
8551.000000 0.038300
8552.000000 0.037800
8553.000000 0.037300
8554.000000 0.036800
8555.000000 0.036300
8556.000000 0.035800
8557.000000 0.035300
8558.000000 0.034800
8559.000000 0.033800
8560.000000 0.033300
8561.000000 0.032800
8562.000000 0.031800
8563.000000 0.031300
8564.000000 0.030800
8565.000000 0.029800
8566.000000 0.028900
8567.000000 0.027900
8568.000000 0.027400
8569.000000 0.026400
8570.000000 0.025900
8571.000000 0.025400
8572.000000 0.024900
8573.000000 0.024500
8574.000000 0.024000
8575.000000 0.023500
8576.000000 0.023000
8577.000000 0.022500
8578.000000 0.022000
8579.000000 0.021500
8580.000000 0.020500
8581.000000 0.020500
8582.000000 0.020500
8583.000000 0.020000
8584.000000 0.019600
8585.000000 0.019600
8586.000000 0.019100
8587.000000 0.018600
8588.000000 0.018100
8589.000000 0.018100
8590.000000 0.017600
8591.000000 0.017100
8592.000000 0.016600
8593.000000 0.016100
8594.000000 0.015600
8595.000000 0.015200
8596.000000 0.014700
8597.000000 0.014200
8598.000000 0.014200
8599.000000 0.014200
8600.000000 0.014200
8601.000000 0.014200
8602.000000 0.014200
8603.000000 0.013700
8604.000000 0.013200
8605.000000 0.012700
8606.000000 0.012700
8607.000000 0.012200
8608.000000 0.011700
8609.000000 0.011700
8610.000000 0.011700
8611.000000 0.011200
8612.000000 0.011200
8613.000000 0.010700
8614.000000 0.010700
8615.000000 0.010200
8616.000000 0.010200
8617.000000 0.009700
8618.000000 0.009700
8619.000000 0.009300
8620.000000 0.009200
8621.000000 0.009200
8622.000000 0.008800
8623.000000 0.008800
8624.000000 0.008800
8625.000000 0.008700
8626.000000 0.008300
8627.000000 0.008300
8628.000000 0.008300
8629.000000 0.007800
8630.000000 0.007300
8631.000000 0.007300
8632.000000 0.007300
8633.000000 0.006800
8634.000000 0.006800
8635.000000 0.006800
8636.000000 0.006800
8637.000000 0.006300
8638.000000 0.006300
8639.000000 0.006300
8640.000000 0.006300
8641.000000 0.005800
8642.000000 0.005800
8643.000000 0.005800
8644.000000 0.005800
8645.000000 0.005800
8646.000000 0.005800
8647.000000 0.005300
8648.000000 0.005300
8649.000000 0.004800
8650.000000 0.004800
8651.000000 0.004300
8652.000000 0.004300
8653.000000 0.004300
8654.000000 0.003900
8655.000000 0.003900
8656.000000 0.003400
8657.000000 0.003400
8658.000000 0.003400
8659.000000 0.003800
8660.000000 0.003800
8661.000000 0.003800
8662.000000 0.003800
8663.000000 0.003400
8664.000000 0.003400
8665.000000 0.003400
8666.000000 0.003400
8667.000000 0.003400
8668.000000 0.003400
8669.000000 0.002900
8670.000000 0.002900
8671.000000 0.002900
8672.000000 0.002900
8673.000000 0.002900
8674.000000 0.002900
8675.000000 0.002900
8676.000000 0.002900
8677.000000 0.002400
8678.000000 0.002400
8679.000000 0.001900
8680.000000 0.001900
8681.000000 0.001900
8682.000000 0.001900
8683.000000 0.001900
8684.000000 0.001400
8685.000000 0.001400
8686.000000 0.001400
8687.000000 0.001400
8688.000000 0.001900
8689.000000 0.001900
8690.000000 0.002400
8691.000000 0.002400
8692.000000 0.002400
8693.000000 0.002400
8694.000000 0.001900
8695.000000 0.001400
8696.000000 0.000900
8697.000000 0.001400
8698.000000 0.001900
8699.000000 0.001900
8700.000000 0.001900
8701.000000 0.002400
8702.000000 0.002400
8703.000000 0.001900
8704.000000 0.001900
8705.000000 0.001400
8706.000000 0.001400
8707.000000 0.001400
8708.000000 0.001400
8709.000000 0.000900
8710.000000 0.000500
8711.000000 0.000900
8712.000000 0.001400
8713.000000 0.001400
8714.000000 0.001400
8715.000000 0.001400
8716.000000 0.001400
8717.000000 0.001400
8718.000000 0.000900
8719.000000 0.000900
8720.000000 0.000900
8721.000000 0.000900
8722.000000 0.000900
8723.000000 0.000500
