3861.000000 0.000300
3862.000000 0.000300
3863.000000 0.000300
3864.000000 0.000300
3865.000000 0.000300
3866.000000 0.000300
3867.000000 0.000300
3868.000000 0.000700
3869.000000 0.000700
3870.000000 0.000700
3871.000000 0.000700
3872.000000 0.000700
3873.000000 0.000700
3874.000000 0.001100
3875.000000 0.001100
3876.000000 0.001400
3877.000000 0.001400
3878.000000 0.001400
3879.000000 0.001800
3880.000000 0.002100
3881.000000 0.002100
3882.000000 0.002500
3883.000000 0.002900
3884.000000 0.003200
3885.000000 0.003600
3886.000000 0.003900
3887.000000 0.004300
3888.000000 0.004700
3889.000000 0.005000
3890.000000 0.005400
3891.000000 0.006100
3892.000000 0.006500
3893.000000 0.007200
3894.000000 0.007900
3895.000000 0.008700
3896.000000 0.009400
3897.000000 0.010200
3898.000000 0.010900
3899.000000 0.012000
3900.000000 0.013100
3901.000000 0.013800
3902.000000 0.014900
3903.000000 0.016400
3904.000000 0.017500
3905.000000 0.019000
3906.000000 0.020100
3907.000000 0.021600
3908.000000 0.023100
3909.000000 0.024900
3910.000000 0.026400
3911.000000 0.028300
3912.000000 0.029800
3913.000000 0.032000
3914.000000 0.034200
3915.000000 0.035700
3916.000000 0.037600
3917.000000 0.040200
3918.000000 0.042800
3919.000000 0.045100
3920.000000 0.047300
3921.000000 0.050000
3922.000000 0.052600
3923.000000 0.055600
3924.000000 0.058600
3925.000000 0.060900
3926.000000 0.063200
3927.000000 0.066200
3928.000000 0.069200
3929.000000 0.072200
3930.000000 0.075600
3931.000000 0.079100
3932.000000 0.082500
3933.000000 0.085900
3934.000000 0.089300
3935.000000 0.092400
3936.000000 0.095500
3937.000000 0.098900
3938.000000 0.102400
3939.000000 0.105500
3940.000000 0.108900
3941.000000 0.112400
3942.000000 0.115500
3943.000000 0.119400
3944.000000 0.122900
3945.000000 0.126000
3946.000000 0.128700
3947.000000 0.131900
3948.000000 0.135000
3949.000000 0.138100
3950.000000 0.141300
3951.000000 0.143700
3952.000000 0.146100
3953.000000 0.149200
3954.000000 0.152400
3955.000000 0.155500
3956.000000 0.158300
3957.000000 0.160700
3958.000000 0.163500
3959.000000 0.166300
3960.000000 0.168800
3961.000000 0.171200
3962.000000 0.173300
3963.000000 0.176500
3964.000000 0.179800
3965.000000 0.181400
3966.000000 0.183100
3967.000000 0.185600
3968.000000 0.187700
3969.000000 0.190200
3970.000000 0.192300
3971.000000 0.194000
3972.000000 0.195700
3973.000000 0.197800
3974.000000 0.199600
3975.000000 0.201700
3976.000000 0.204200
3977.000000 0.205100
3978.000000 0.206500
3979.000000 0.207800
3980.000000 0.209200
3981.000000 0.211300
3982.000000 0.213400
3983.000000 0.214800
3984.000000 0.215700
3985.000000 0.217100
3986.000000 0.218500
3987.000000 0.220200
3988.000000 0.222400
3989.000000 0.224100
3990.000000 0.226300
3991.000000 0.227600
3992.000000 0.229400
3993.000000 0.230400
3994.000000 0.231800
3995.000000 0.233500
3996.000000 0.235300
3997.000000 0.236700
3998.000000 0.238500
3999.000000 0.239500
4000.000000 0.240400
4001.000000 0.241400
4002.000000 0.242400
4003.000000 0.244600
4004.000000 0.246300
4005.000000 0.247700
4006.000000 0.248700
4007.000000 0.250400
4008.000000 0.252200
4009.000000 0.253600
4010.000000 0.255300
4011.000000 0.256700
4012.000000 0.258100
4013.000000 0.259100
4014.000000 0.260000
4015.000000 0.261400
4016.000000 0.263200
4017.000000 0.265000
4018.000000 0.267200
4019.000000 0.268100
4020.000000 0.269100
4021.000000 0.269300
4022.000000 0.269900
4023.000000 0.271700
4024.000000 0.273500
4025.000000 0.274900
4026.000000 0.275900
4027.000000 0.276900
4028.000000 0.277900
4029.000000 0.279300
4030.000000 0.280300
4031.000000 0.281300
4032.000000 0.281900
4033.000000 0.282100
4034.000000 0.282300
4035.000000 0.283700
4036.000000 0.285100
4037.000000 0.286500
4038.000000 0.288000
4039.000000 0.287300
4040.000000 0.287100
4041.000000 0.289000
4042.000000 0.291200
4043.000000 0.291400
4044.000000 0.292000
4045.000000 0.292200
4046.000000 0.292800
4047.000000 0.293800
4048.000000 0.294900
4049.000000 0.294700
4050.000000 0.294400
4051.000000 0.294200
4052.000000 0.294400
4053.000000 0.295000
4054.000000 0.295200
4055.000000 0.295800
4056.000000 0.296900
4057.000000 0.297000
4058.000000 0.297200
4059.000000 0.298200
4060.000000 0.298900
4061.000000 0.299000
4062.000000 0.298800
4063.000000 0.298600
4064.000000 0.298800
4065.000000 0.299400
4066.000000 0.300000
4067.000000 0.301000
4068.000000 0.302000
4069.000000 0.301800
4070.000000 0.301600
4071.000000 0.301400
4072.000000 0.301200
4073.000000 0.300500
4074.000000 0.300300
4075.000000 0.301700
4076.000000 0.302700
4077.000000 0.303400
4078.000000 0.303500
4079.000000 0.303800
4080.000000 0.304400
4081.000000 0.305100
4082.000000 0.306100
4083.000000 0.306300
4084.000000 0.306100
4085.000000 0.307200
4086.000000 0.307800
4087.000000 0.308100
4088.000000 0.307900
4089.000000 0.308500
4090.000000 0.309200
4091.000000 0.309800
4092.000000 0.310500
4093.000000 0.311500
4094.000000 0.312200
4095.000000 0.313300
4096.000000 0.314300
4097.000000 0.315000
4098.000000 0.315200
4099.000000 0.315000
4100.000000 0.314800
4101.000000 0.316300
4102.000000 0.317700
4103.000000 0.318300
4104.000000 0.318900
4105.000000 0.320000
4106.000000 0.321000
4107.000000 0.320700
4108.000000 0.320500
4109.000000 0.321100
4110.000000 0.321300
4111.000000 0.322700
4112.000000 0.324200
4113.000000 0.325200
4114.000000 0.326300
4115.000000 0.326500
4116.000000 0.326700
4117.000000 0.327700
4118.000000 0.328300
4119.000000 0.328500
4120.000000 0.328700
4121.000000 0.329300
4122.000000 0.330000
4123.000000 0.330600
4124.000000 0.330800
4125.000000 0.331800
4126.000000 0.332500
4127.000000 0.333100
4128.000000 0.333700
4129.000000 0.334400
4130.000000 0.334600
4131.000000 0.335200
4132.000000 0.335800
4133.000000 0.336000
4134.000000 0.336200
4135.000000 0.336400
4136.000000 0.337100
4137.000000 0.338100
4138.000000 0.339200
4139.000000 0.339000
4140.000000 0.338700
4141.000000 0.338900
4142.000000 0.339600
4143.000000 0.339800
4144.000000 0.339500
4145.000000 0.339700
4146.000000 0.339900
4147.000000 0.341000
4148.000000 0.342100
4149.000000 0.341800
4150.000000 0.342100
4151.000000 0.342300
4152.000000 0.342500
4153.000000 0.341800
4154.000000 0.341500
4155.000000 0.341300
4156.000000 0.341500
4157.000000 0.343000
4158.000000 0.344500
4159.000000 0.343800
4160.000000 0.343200
4161.000000 0.342900
4162.000000 0.342700
4163.000000 0.343300
4164.000000 0.344000
4165.000000 0.345000
4166.000000 0.346600
4167.000000 0.345400
4168.000000 0.343900
4169.000000 0.345000
4170.000000 0.346000
4171.000000 0.347100
4172.000000 0.348200
4173.000000 0.348000
4174.000000 0.347300
4175.000000 0.347500
4176.000000 0.347200
4177.000000 0.346100
4178.000000 0.345000
4179.000000 0.347000
4180.000000 0.348500
4181.000000 0.349600
4182.000000 0.350700
4183.000000 0.350900
4184.000000 0.351100
4185.000000 0.349900
4186.000000 0.349200
4187.000000 0.349900
4188.000000 0.350900
4189.000000 0.349400
4190.000000 0.348200
4191.000000 0.349300
4192.000000 0.350400
4193.000000 0.350600
4194.000000 0.350800
4195.000000 0.350500
4196.000000 0.349800
4197.000000 0.351400
4198.000000 0.352900
4199.000000 0.353100
4200.000000 0.352900
4201.000000 0.352600
4202.000000 0.352700
4203.000000 0.353400
4204.000000 0.354400
4205.000000 0.354600
4206.000000 0.355200
4207.000000 0.355800
4208.000000 0.356500
4209.000000 0.356600
4210.000000 0.356800
4211.000000 0.357000
4212.000000 0.357100
4213.000000 0.357300
4214.000000 0.357000
4215.000000 0.358100
4216.000000 0.359200
4217.000000 0.359800
4218.000000 0.360000
4219.000000 0.358800
4220.000000 0.357600
4221.000000 0.359100
4222.000000 0.360200
4223.000000 0.360800
4224.000000 0.361500
4225.000000 0.362100
4226.000000 0.362300
4227.000000 0.362400
4228.000000 0.362100
4229.000000 0.363200
4230.000000 0.364300
4231.000000 0.363600
4232.000000 0.362800
4233.000000 0.363000
4234.000000 0.363600
4235.000000 0.363800
4236.000000 0.364400
4237.000000 0.365500
4238.000000 0.366600
4239.000000 0.366300
4240.000000 0.366000
4241.000000 0.366600
4242.000000 0.366800
4243.000000 0.366900
4244.000000 0.367600
4245.000000 0.368200
4246.000000 0.368800
4247.000000 0.368500
4248.000000 0.368200
4249.000000 0.369800
4250.000000 0.371300
4251.000000 0.371000
4252.000000 0.370800
4253.000000 0.370500
4254.000000 0.370200
4255.000000 0.370800
4256.000000 0.371900
4257.000000 0.372100
4258.000000 0.372300
4259.000000 0.371500
4260.000000 0.370300
4261.000000 0.370900
4262.000000 0.371600
4263.000000 0.372700
4264.000000 0.374200
4265.000000 0.374000
4266.000000 0.374100
4267.000000 0.372900
4268.000000 0.372200
4269.000000 0.372800
4270.000000 0.373400
4271.000000 0.374100
4272.000000 0.375200
4273.000000 0.375400
4274.000000 0.375100
4275.000000 0.375700
4276.000000 0.375900
4277.000000 0.375600
4278.000000 0.375300
4279.000000 0.376000
4280.000000 0.376600
4281.000000 0.376300
4282.000000 0.376000
4283.000000 0.376200
4284.000000 0.376400
4285.000000 0.378000
4286.000000 0.379600
4287.000000 0.379300
4288.000000 0.379500
4289.000000 0.378700
4290.000000 0.378400
4291.000000 0.379100
4292.000000 0.379700
4293.000000 0.379000
4294.000000 0.378700
4295.000000 0.378800
4296.000000 0.379500
4297.000000 0.379700
4298.000000 0.380300
4299.000000 0.381400
4300.000000 0.383000
4301.000000 0.383200
4302.000000 0.383400
4303.000000 0.383600
4304.000000 0.384200
4305.000000 0.383900
4306.000000 0.383600
4307.000000 0.383300
4308.000000 0.383000
4309.000000 0.383600
4310.000000 0.384700
4311.000000 0.385800
4312.000000 0.386500
4313.000000 0.385700
4314.000000 0.384500
4315.000000 0.384600
4316.000000 0.385300
4317.000000 0.386400
4318.000000 0.387500
4319.000000 0.387700
4320.000000 0.387400
4321.000000 0.388000
4322.000000 0.389100
4323.000000 0.388400
4324.000000 0.387600
4325.000000 0.387300
4326.000000 0.387000
4327.000000 0.389000
4328.000000 0.391100
4329.000000 0.390300
4330.000000 0.389600
4331.000000 0.390200
4332.000000 0.390900
4333.000000 0.390600
4334.000000 0.390300
4335.000000 0.390500
4336.000000 0.391100
4337.000000 0.391800
4338.000000 0.392400
4339.000000 0.391700
4340.000000 0.390900
4341.000000 0.392500
4342.000000 0.394100
4343.000000 0.393800
4344.000000 0.394000
4345.000000 0.394200
4346.000000 0.393900
4347.000000 0.394100
4348.000000 0.393800
4349.000000 0.394000
4350.000000 0.393700
4351.000000 0.393900
4352.000000 0.393600
4353.000000 0.393800
4354.000000 0.394000
4355.000000 0.395100
4356.000000 0.396300
4357.000000 0.396000
4358.000000 0.396100
4359.000000 0.396800
4360.000000 0.397500
4361.000000 0.397200
4362.000000 0.397400
4363.000000 0.397100
4364.000000 0.396800
4365.000000 0.397000
4366.000000 0.397600
4367.000000 0.396400
4368.000000 0.395100
4369.000000 0.395800
4370.000000 0.396400
4371.000000 0.397100
4372.000000 0.397300
4373.000000 0.397500
4374.000000 0.397200
4375.000000 0.396900
4376.000000 0.396600
4377.000000 0.397200
4378.000000 0.397900
4379.000000 0.398100
4380.000000 0.398300
4381.000000 0.398900
4382.000000 0.399600
4383.000000 0.399300
4384.000000 0.399000
4385.000000 0.399200
4386.000000 0.399300
4387.000000 0.400000
4388.000000 0.400700
4389.000000 0.399900
4390.000000 0.399100
4391.000000 0.400700
4392.000000 0.402300
4393.000000 0.402000
4394.000000 0.402200
4395.000000 0.402900
4396.000000 0.403500
4397.000000 0.403200
4398.000000 0.403400
4399.000000 0.403100
4400.000000 0.402800
4401.000000 0.403400
4402.000000 0.404100
4403.000000 0.403200
4404.000000 0.402900
4405.000000 0.403600
4406.000000 0.404200
4407.000000 0.403900
4408.000000 0.403600
4409.000000 0.403700
4410.000000 0.404400
4411.000000 0.405500
4412.000000 0.406200
4413.000000 0.406400
4414.000000 0.406500
4415.000000 0.406700
4416.000000 0.406900
4417.000000 0.407000
4418.000000 0.406700
4419.000000 0.407400
4420.000000 0.408000
4421.000000 0.408200
4422.000000 0.408400
4423.000000 0.409500
4424.000000 0.410700
4425.000000 0.409900
4426.000000 0.409500
4427.000000 0.410700
4428.000000 0.412400
4429.000000 0.411500
4430.000000 0.410700
4431.000000 0.410900
4432.000000 0.410500
4433.000000 0.410700
4434.000000 0.410900
4435.000000 0.412500
4436.000000 0.413700
4437.000000 0.414400
4438.000000 0.414500
4439.000000 0.414700
4440.000000 0.414400
4441.000000 0.415000
4442.000000 0.416200
4443.000000 0.415900
4444.000000 0.415000
4445.000000 0.414700
4446.000000 0.414900
4447.000000 0.415500
4448.000000 0.416700
4449.000000 0.415900
4450.000000 0.415500
4451.000000 0.415700
4452.000000 0.416400
4453.000000 0.417000
4454.000000 0.417200
4455.000000 0.418400
4456.000000 0.420000
4457.000000 0.418700
4458.000000 0.417800
4459.000000 0.418500
4460.000000 0.419700
4461.000000 0.418800
4462.000000 0.418500
4463.000000 0.419200
4464.000000 0.419300
4465.000000 0.419500
4466.000000 0.419700
4467.000000 0.419300
4468.000000 0.419500
4469.000000 0.420700
4470.000000 0.421800
4471.000000 0.421000
4472.000000 0.419600
4473.000000 0.420300
4474.000000 0.421000
4475.000000 0.420600
4476.000000 0.420300
4477.000000 0.420400
4478.000000 0.420600
4479.000000 0.420800
4480.000000 0.420900
4481.000000 0.420600
4482.000000 0.420800
4483.000000 0.420400
4484.000000 0.420600
4485.000000 0.421200
4486.000000 0.421900
4487.000000 0.421600
4488.000000 0.420700
4489.000000 0.421400
4490.000000 0.422100
4491.000000 0.422200
4492.000000 0.422400
4493.000000 0.422500
4494.000000 0.422700
4495.000000 0.422400
4496.000000 0.422000
4497.000000 0.421100
4498.000000 0.420300
4499.000000 0.420400
4500.000000 0.420100
4501.000000 0.421700
4502.000000 0.423400
4503.000000 0.422000
4504.000000 0.420600
4505.000000 0.422300
4506.000000 0.424000
4507.000000 0.424100
4508.000000 0.424300
4509.000000 0.423900
4510.000000 0.423000
4511.000000 0.423700
4512.000000 0.423800
4513.000000 0.423400
4514.000000 0.422500
4515.000000 0.422700
4516.000000 0.422800
4517.000000 0.423500
4518.000000 0.424600
4519.000000 0.425800
4520.000000 0.427000
4521.000000 0.425600
4522.000000 0.424200
4523.000000 0.425300
4524.000000 0.426500
4525.000000 0.426700
4526.000000 0.426300
4527.000000 0.426400
4528.000000 0.426600
4529.000000 0.426200
4530.000000 0.425800
4531.000000 0.426500
4532.000000 0.426600
4533.000000 0.427300
4534.000000 0.427900
4535.000000 0.428100
4536.000000 0.428200
4537.000000 0.428300
4538.000000 0.428500
4539.000000 0.428600
4540.000000 0.428800
4541.000000 0.429400
4542.000000 0.429600
4543.000000 0.430200
4544.000000 0.430900
4545.000000 0.431000
4546.000000 0.431200
4547.000000 0.431800
4548.000000 0.432000
4549.000000 0.432600
4550.000000 0.432800
4551.000000 0.432400
4552.000000 0.432000
4553.000000 0.433700
4554.000000 0.434900
4555.000000 0.435600
4556.000000 0.435700
4557.000000 0.435900
4558.000000 0.436500
4559.000000 0.437200
4560.000000 0.437900
4561.000000 0.438000
4562.000000 0.438600
4563.000000 0.439300
4564.000000 0.440500
4565.000000 0.439500
4566.000000 0.438600
4567.000000 0.438700
4568.000000 0.438300
4569.000000 0.439500
4570.000000 0.440700
4571.000000 0.440300
4572.000000 0.439400
4573.000000 0.440000
4574.000000 0.440700
4575.000000 0.441800
4576.000000 0.442500
4577.000000 0.442600
4578.000000 0.442200
4579.000000 0.442900
4580.000000 0.443500
4581.000000 0.443100
4582.000000 0.443300
4583.000000 0.443900
4584.000000 0.444600
4585.000000 0.444200
4586.000000 0.443800
4587.000000 0.444400
4588.000000 0.444600
4589.000000 0.444200
4590.000000 0.443800
4591.000000 0.444400
4592.000000 0.445600
4593.000000 0.445700
4594.000000 0.446400
4595.000000 0.444900
4596.000000 0.444000
4597.000000 0.445200
4598.000000 0.446400
4599.000000 0.445400
4600.000000 0.444000
4601.000000 0.444600
4602.000000 0.445800
4603.000000 0.446500
4604.000000 0.447200
4605.000000 0.446800
4606.000000 0.445900
4607.000000 0.446500
4608.000000 0.446700
4609.000000 0.446800
4610.000000 0.446400
4611.000000 0.447100
4612.000000 0.447200
4613.000000 0.447900
4614.000000 0.448600
4615.000000 0.448200
4616.000000 0.448300
4617.000000 0.447900
4618.000000 0.447600
4619.000000 0.447200
4620.000000 0.447300
4621.000000 0.448000
4622.000000 0.449200
4623.000000 0.448300
4624.000000 0.447400
4625.000000 0.448000
4626.000000 0.448200
4627.000000 0.449400
4628.000000 0.450600
4629.000000 0.450200
4630.000000 0.449300
4631.000000 0.449500
4632.000000 0.449600
4633.000000 0.448700
4634.000000 0.447700
4635.000000 0.447900
4636.000000 0.448000
4637.000000 0.448700
4638.000000 0.449400
4639.000000 0.450600
4640.000000 0.451300
4641.000000 0.450900
4642.000000 0.450000
4643.000000 0.450100
4644.000000 0.450800
4645.000000 0.450900
4646.000000 0.451600
4647.000000 0.451800
4648.000000 0.451900
4649.000000 0.451500
4650.000000 0.451100
4651.000000 0.451300
4652.000000 0.451400
4653.000000 0.453200
4654.000000 0.454400
4655.000000 0.454000
4656.000000 0.453600
4657.000000 0.453800
4658.000000 0.453900
4659.000000 0.454100
4660.000000 0.454200
4661.000000 0.453800
4662.000000 0.453400
4663.000000 0.454100
4664.000000 0.454800
4665.000000 0.455500
4666.000000 0.455600
4667.000000 0.455200
4668.000000 0.455400
4669.000000 0.456000
4670.000000 0.456700
4671.000000 0.457400
4672.000000 0.458100
4673.000000 0.457700
4674.000000 0.457300
4675.000000 0.457500
4676.000000 0.458200
4677.000000 0.458900
4678.000000 0.459600
4679.000000 0.459700
4680.000000 0.459900
4681.000000 0.460500
4682.000000 0.461200
4683.000000 0.461400
4684.000000 0.461500
4685.000000 0.461100
4686.000000 0.461300
4687.000000 0.462000
4688.000000 0.463200
4689.000000 0.462800
4690.000000 0.463000
4691.000000 0.463600
4692.000000 0.464300
4693.000000 0.463900
4694.000000 0.463500
4695.000000 0.464200
4696.000000 0.464400
4697.000000 0.465100
4698.000000 0.466300
4699.000000 0.465900
4700.000000 0.465500
4701.000000 0.465700
4702.000000 0.465800
4703.000000 0.466500
4704.000000 0.467200
4705.000000 0.467900
4706.000000 0.468100
4707.000000 0.467100
4708.000000 0.466200
4709.000000 0.467500
4710.000000 0.468100
4711.000000 0.467800
4712.000000 0.467900
4713.000000 0.467500
4714.000000 0.467700
4715.000000 0.468400
4716.000000 0.469600
4717.000000 0.469800
4718.000000 0.469400
4719.000000 0.470100
4720.000000 0.471300
4721.000000 0.470900
4722.000000 0.471100
4723.000000 0.471200
4724.000000 0.470800
4725.000000 0.471000
4726.000000 0.471100
4727.000000 0.471300
4728.000000 0.471400
4729.000000 0.470500
4730.000000 0.469500
4731.000000 0.471300
4732.000000 0.472600
4733.000000 0.472700
4734.000000 0.472300
4735.000000 0.473000
4736.000000 0.473100
4737.000000 0.472700
4738.000000 0.472300
4739.000000 0.472400
4740.000000 0.472500
4741.000000 0.473800
4742.000000 0.475000
4743.000000 0.475200
4744.000000 0.474700
4745.000000 0.474900
4746.000000 0.475000
4747.000000 0.474600
4748.000000 0.473600
4749.000000 0.474900
4750.000000 0.476100
4751.000000 0.475700
4752.000000 0.475300
4753.000000 0.475400
4754.000000 0.475000
4755.000000 0.475700
4756.000000 0.475800
4757.000000 0.476500
4758.000000 0.477200
4759.000000 0.477900
4760.000000 0.478000
4761.000000 0.477000
4762.000000 0.476600
4763.000000 0.476700
4764.000000 0.477400
4765.000000 0.477600
4766.000000 0.477700
4767.000000 0.478400
4768.000000 0.479600
4769.000000 0.479200
4770.000000 0.478200
4771.000000 0.478400
4772.000000 0.478500
4773.000000 0.479200
4774.000000 0.479900
4775.000000 0.480000
4776.000000 0.479600
4777.000000 0.479700
4778.000000 0.479900
4779.000000 0.479400
4780.000000 0.479000
4781.000000 0.480300
4782.000000 0.481500
4783.000000 0.482200
4784.000000 0.482300
4785.000000 0.481900
4786.000000 0.480900
4787.000000 0.481100
4788.000000 0.481200
4789.000000 0.481900
4790.000000 0.482600
4791.000000 0.482700
4792.000000 0.482900
4793.000000 0.483000
4794.000000 0.482600
4795.000000 0.483300
4796.000000 0.484000
4797.000000 0.484700
4798.000000 0.485400
4799.000000 0.486700
4800.000000 0.487900
4801.000000 0.487500
4802.000000 0.487700
4803.000000 0.487200
4804.000000 0.487400
4805.000000 0.487000
4806.000000 0.486000
4807.000000 0.486700
4808.000000 0.487400
4809.000000 0.488100
4810.000000 0.488300
4811.000000 0.489000
4812.000000 0.489700
4813.000000 0.489300
4814.000000 0.488800
4815.000000 0.490100
4816.000000 0.491400
4817.000000 0.491500
4818.000000 0.491700
4819.000000 0.491300
4820.000000 0.491400
4821.000000 0.491600
4822.000000 0.491700
4823.000000 0.491300
4824.000000 0.490900
4825.000000 0.491600
4826.000000 0.492900
4827.000000 0.492400
4828.000000 0.492000
4829.000000 0.492700
4830.000000 0.492900
4831.000000 0.494200
4832.000000 0.495400
4833.000000 0.495600
4834.000000 0.495700
4835.000000 0.495300
4836.000000 0.494900
4837.000000 0.495600
4838.000000 0.496300
4839.000000 0.495300
4840.000000 0.493700
4841.000000 0.495000
4842.000000 0.496300
4843.000000 0.496400
4844.000000 0.497200
4845.000000 0.496700
4846.000000 0.496900
4847.000000 0.497000
4848.000000 0.496600
4849.000000 0.497900
4850.000000 0.498600
4851.000000 0.498200
4852.000000 0.497700
4853.000000 0.497300
4854.000000 0.496900
4855.000000 0.497600
4856.000000 0.498300
4857.000000 0.497900
4858.000000 0.496900
4859.000000 0.498200
4860.000000 0.498900
4861.000000 0.499100
4862.000000 0.498600
4863.000000 0.498200
4864.000000 0.497800
4865.000000 0.497900
4866.000000 0.498100
4867.000000 0.497600
4868.000000 0.497800
4869.000000 0.500200
4870.000000 0.502100
4871.000000 0.500500
4872.000000 0.499500
4873.000000 0.499700
4874.000000 0.499800
4875.000000 0.500000
4876.000000 0.499500
4877.000000 0.500300
4878.000000 0.501000
4879.000000 0.500600
4880.000000 0.500700
4881.000000 0.500800
4882.000000 0.501000
4883.000000 0.500000
4884.000000 0.499600
4885.000000 0.500900
4886.000000 0.502200
4887.000000 0.502300
4888.000000 0.502400
4889.000000 0.502000
4890.000000 0.501600
4891.000000 0.502900
4892.000000 0.504200
4893.000000 0.503800
4894.000000 0.503300
4895.000000 0.502300
4896.000000 0.501300
4897.000000 0.502000
4898.000000 0.503300
4899.000000 0.502900
4900.000000 0.502400
4901.000000 0.503100
4902.000000 0.503300
4903.000000 0.502800
4904.000000 0.502400
4905.000000 0.502500
4906.000000 0.503200
4907.000000 0.502800
4908.000000 0.502300
4909.000000 0.501800
4910.000000 0.501300
4911.000000 0.503200
4912.000000 0.505000
4913.000000 0.505200
4914.000000 0.505300
4915.000000 0.503600
4916.000000 0.502600
4917.000000 0.503900
4918.000000 0.505100
4919.000000 0.505200
4920.000000 0.504800
4921.000000 0.504900
4922.000000 0.504400
4923.000000 0.505700
4924.000000 0.506400
4925.000000 0.505900
4926.000000 0.504900
4927.000000 0.504400
4928.000000 0.503900
4929.000000 0.504600
4930.000000 0.505300
4931.000000 0.506000
4932.000000 0.506700
4933.000000 0.508000
4934.000000 0.508700
4935.000000 0.507000
4936.000000 0.505400
4937.000000 0.506600
4938.000000 0.507300
4939.000000 0.508000
4940.000000 0.508100
4941.000000 0.508200
4942.000000 0.507800
4943.000000 0.509000
4944.000000 0.509700
4945.000000 0.509300
4946.000000 0.508200
4947.000000 0.509500
4948.000000 0.510800
4949.000000 0.510300
4950.000000 0.509800
4951.000000 0.509900
4952.000000 0.510000
4953.000000 0.510700
4954.000000 0.511400
4955.000000 0.512700
4956.000000 0.514600
4957.000000 0.512300
4958.000000 0.510700
4959.000000 0.511400
4960.000000 0.512100
4961.000000 0.512800
4962.000000 0.513500
4963.000000 0.514100
4964.000000 0.514300
4965.000000 0.514400
4966.000000 0.514500
4967.000000 0.514000
4968.000000 0.514100
4969.000000 0.516000
4970.000000 0.517300
4971.000000 0.515600
4972.000000 0.514000
4973.000000 0.514700
4974.000000 0.514800
4975.000000 0.515500
4976.000000 0.515600
4977.000000 0.515700
4978.000000 0.515800
4979.000000 0.515300
4980.000000 0.515400
4981.000000 0.516100
4982.000000 0.516800
4983.000000 0.516900
4984.000000 0.517600
4985.000000 0.517100
4986.000000 0.516600
4987.000000 0.517300
4988.000000 0.517400
4989.000000 0.518100
4990.000000 0.518200
4991.000000 0.517100
4992.000000 0.516000
4993.000000 0.516700
4994.000000 0.517400
4995.000000 0.518600
4996.000000 0.519900
4997.000000 0.518800
4998.000000 0.518300
4999.000000 0.517300
5000.000000 0.516800
5001.000000 0.518000
5002.000000 0.519300
5003.000000 0.519400
5004.000000 0.520100
5005.000000 0.519600
5006.000000 0.519100
5007.000000 0.519800
5008.000000 0.519900
5009.000000 0.519400
5010.000000 0.519500
5011.000000 0.519600
5012.000000 0.519700
5013.000000 0.519200
5014.000000 0.518700
5015.000000 0.518700
5016.000000 0.519400
5017.000000 0.518900
5018.000000 0.518400
5019.000000 0.518500
5020.000000 0.519200
5021.000000 0.518700
5022.000000 0.518800
5023.000000 0.518300
5024.000000 0.517800
5025.000000 0.517900
5026.000000 0.518000
5027.000000 0.518100
5028.000000 0.517600
5029.000000 0.517600
5030.000000 0.517100
5031.000000 0.517200
5032.000000 0.517300
5033.000000 0.518600
5034.000000 0.519300
5035.000000 0.519400
5036.000000 0.518800
5037.000000 0.517700
5038.000000 0.516600
5039.000000 0.516100
5040.000000 0.515600
5041.000000 0.516900
5042.000000 0.518800
5043.000000 0.517700
5044.000000 0.516600
5045.000000 0.515400
5046.000000 0.514900
5047.000000 0.515600
5048.000000 0.516900
5049.000000 0.515800
5050.000000 0.515300
5051.000000 0.516000
5052.000000 0.517200
5053.000000 0.516100
5054.000000 0.515600
5055.000000 0.514500
5056.000000 0.514000
5057.000000 0.516500
5058.000000 0.519500
5059.000000 0.517800
5060.000000 0.516700
5061.000000 0.515600
5062.000000 0.514500
5063.000000 0.514600
5064.000000 0.514700
5065.000000 0.514100
5066.000000 0.513600
5067.000000 0.514900
5068.000000 0.515600
5069.000000 0.516300
5070.000000 0.517000
5071.000000 0.517600
5072.000000 0.517700
5073.000000 0.515400
5074.000000 0.513700
5075.000000 0.515000
5076.000000 0.516300
5077.000000 0.516300
5078.000000 0.517000
5079.000000 0.517100
5080.000000 0.516600
5081.000000 0.517300
5082.000000 0.517400
5083.000000 0.517400
5084.000000 0.516900
5085.000000 0.517600
5086.000000 0.518300
5087.000000 0.518400
5088.000000 0.518400
5089.000000 0.517900
5090.000000 0.517400
5091.000000 0.518700
5092.000000 0.520600
5093.000000 0.520100
5094.000000 0.519500
5095.000000 0.520200
5096.000000 0.521500
5097.000000 0.521000
5098.000000 0.520500
5099.000000 0.521700
5100.000000 0.523000
5101.000000 0.523700
5102.000000 0.524400
5103.000000 0.525100
5104.000000 0.525700
5105.000000 0.524600
5106.000000 0.522900
5107.000000 0.524200
5108.000000 0.525400
5109.000000 0.524900
5110.000000 0.525000
5111.000000 0.524400
5112.000000 0.524500
5113.000000 0.526400
5114.000000 0.528300
5115.000000 0.527800
5116.000000 0.527200
5117.000000 0.527900
5118.000000 0.528000
5119.000000 0.528000
5120.000000 0.527500
5121.000000 0.530000
5122.000000 0.533000
5123.000000 0.530700
5124.000000 0.527700
5125.000000 0.530800
5126.000000 0.533300
5127.000000 0.532100
5128.000000 0.531000
5129.000000 0.531000
5130.000000 0.531100
5131.000000 0.532400
5132.000000 0.533000
5133.000000 0.533700
5134.000000 0.533700
5135.000000 0.533800
5136.000000 0.533200
5137.000000 0.532600
5138.000000 0.532700
5139.000000 0.533300
5140.000000 0.534000
5141.000000 0.534600
5142.000000 0.534700
5143.000000 0.535900
5144.000000 0.536600
5145.000000 0.534800
5146.000000 0.533600
5147.000000 0.534300
5148.000000 0.534300
5149.000000 0.534400
5150.000000 0.535000
5151.000000 0.535700
5152.000000 0.535700
5153.000000 0.537000
5154.000000 0.537600
5155.000000 0.537000
5156.000000 0.536500
5157.000000 0.536500
5158.000000 0.536600
5159.000000 0.536000
5160.000000 0.535500
5161.000000 0.536700
5162.000000 0.538000
5163.000000 0.537400
5164.000000 0.536200
5165.000000 0.537500
5166.000000 0.538100
5167.000000 0.537600
5168.000000 0.537000
5169.000000 0.537100
5170.000000 0.537700
5171.000000 0.538400
5172.000000 0.538400
5173.000000 0.537800
5174.000000 0.537300
5175.000000 0.537300
5176.000000 0.537400
5177.000000 0.537400
5178.000000 0.537400
5179.000000 0.538100
5180.000000 0.538700
5181.000000 0.538200
5182.000000 0.537600
5183.000000 0.537000
5184.000000 0.537100
5185.000000 0.536500
5186.000000 0.535900
5187.000000 0.536600
5188.000000 0.536600
5189.000000 0.536700
5190.000000 0.536100
5191.000000 0.536200
5192.000000 0.535600
5193.000000 0.536200
5194.000000 0.536300
5195.000000 0.536300
5196.000000 0.536400
5197.000000 0.537000
5198.000000 0.537000
5199.000000 0.536500
5200.000000 0.535300
5201.000000 0.536000
5202.000000 0.536000
5203.000000 0.536100
5204.000000 0.536100
5205.000000 0.535600
5206.000000 0.535600
5207.000000 0.535000
5208.000000 0.533900
5209.000000 0.535200
5210.000000 0.537000
5211.000000 0.535300
5212.000000 0.534100
5213.000000 0.535400
5214.000000 0.536600
5215.000000 0.536700
5216.000000 0.536100
5217.000000 0.536800
5218.000000 0.536800
5219.000000 0.536900
5220.000000 0.536300
5221.000000 0.536400
5222.000000 0.537000
5223.000000 0.537100
5224.000000 0.537100
5225.000000 0.536600
5226.000000 0.535400
5227.000000 0.536700
5228.000000 0.538000
5229.000000 0.538000
5230.000000 0.537400
5231.000000 0.538100
5232.000000 0.538200
5233.000000 0.537600
5234.000000 0.536400
5235.000000 0.536500
5236.000000 0.535900
5237.000000 0.538400
5238.000000 0.540900
5239.000000 0.538500
5240.000000 0.536100
5241.000000 0.535500
5242.000000 0.535600
5243.000000 0.535600
5244.000000 0.536300
5245.000000 0.537000
5246.000000 0.537600
5247.000000 0.536400
5248.000000 0.535300
5249.000000 0.536500
5250.000000 0.537200
5251.000000 0.536000
5252.000000 0.534900
5253.000000 0.535500
5254.000000 0.536200
5255.000000 0.535000
5256.000000 0.534500
5257.000000 0.535100
5258.000000 0.535800
5259.000000 0.535300
5260.000000 0.534100
5261.000000 0.534800
5262.000000 0.535400
5263.000000 0.533600
5264.000000 0.532500
5265.000000 0.533800
5266.000000 0.535000
5267.000000 0.534500
5268.000000 0.533900
5269.000000 0.533400
5270.000000 0.533400
5271.000000 0.533500
5272.000000 0.533500
5273.000000 0.532400
5274.000000 0.530600
5275.000000 0.531200
5276.000000 0.531900
5277.000000 0.532600
5278.000000 0.533200
5279.000000 0.532100
5280.000000 0.530900
5281.000000 0.531000
5282.000000 0.531000
5283.000000 0.530400
5284.000000 0.530500
5285.000000 0.529900
5286.000000 0.528800
5287.000000 0.528200
5288.000000 0.527600
5289.000000 0.528300
5290.000000 0.529000
5291.000000 0.527200
5292.000000 0.526000
5293.000000 0.527300
5294.000000 0.529200
5295.000000 0.528600
5296.000000 0.527500
5297.000000 0.527500
5298.000000 0.526900
5299.000000 0.526400
5300.000000 0.526400
5301.000000 0.525300
5302.000000 0.524700
5303.000000 0.525400
5304.000000 0.525500
5305.000000 0.524900
5306.000000 0.524400
5307.000000 0.524400
5308.000000 0.524500
5309.000000 0.524500
5310.000000 0.524600
5311.000000 0.524100
5312.000000 0.523500
5313.000000 0.523600
5314.000000 0.523000
5315.000000 0.523700
5316.000000 0.524400
5317.000000 0.524400
5318.000000 0.525100
5319.000000 0.523900
5320.000000 0.522800
5321.000000 0.523400
5322.000000 0.524100
5323.000000 0.524800
5324.000000 0.525500
5325.000000 0.524300
5326.000000 0.523100
5327.000000 0.522000
5328.000000 0.521400
5329.000000 0.522100
5330.000000 0.522700
5331.000000 0.523400
5332.000000 0.523500
5333.000000 0.523500
5334.000000 0.524200
5335.000000 0.524300
5336.000000 0.523700
5337.000000 0.524400
5338.000000 0.524400
5339.000000 0.523800
5340.000000 0.523900
5341.000000 0.524600
5342.000000 0.525200
5343.000000 0.524000
5344.000000 0.523500
5345.000000 0.524100
5346.000000 0.524800
5347.000000 0.524200
5348.000000 0.523700
5349.000000 0.523700
5350.000000 0.524400
5351.000000 0.523800
5352.000000 0.523900
5353.000000 0.523900
5354.000000 0.524000
5355.000000 0.523400
5356.000000 0.523400
5357.000000 0.522900
5358.000000 0.521700
5359.000000 0.521100
5360.000000 0.520600
5361.000000 0.521200
5362.000000 0.521900
5363.000000 0.520700
5364.000000 0.520100
5365.000000 0.520800
5366.000000 0.520800
5367.000000 0.520900
5368.000000 0.520300
5369.000000 0.519700
5370.000000 0.518600
5371.000000 0.518600
5372.000000 0.518600
5373.000000 0.517500
5374.000000 0.516300
5375.000000 0.516900
5376.000000 0.517000
5377.000000 0.516400
5378.000000 0.515800
5379.000000 0.515300
5380.000000 0.515300
5381.000000 0.514100
5382.000000 0.512900
5383.000000 0.513000
5384.000000 0.513600
5385.000000 0.513000
5386.000000 0.511900
5387.000000 0.511900
5388.000000 0.511300
5389.000000 0.510700
5390.000000 0.509500
5391.000000 0.508400
5392.000000 0.507200
5393.000000 0.507800
5394.000000 0.508500
5395.000000 0.507300
5396.000000 0.506700
5397.000000 0.505500
5398.000000 0.504300
5399.000000 0.505000
5400.000000 0.505000
5401.000000 0.505000
5402.000000 0.504500
5403.000000 0.503900
5404.000000 0.503900
5405.000000 0.504000
5406.000000 0.504000
5407.000000 0.502800
5408.000000 0.501600
5409.000000 0.501600
5410.000000 0.502300
5411.000000 0.501100
5412.000000 0.500500
5413.000000 0.501200
5414.000000 0.502400
5415.000000 0.501900
5416.000000 0.500600
5417.000000 0.501300
5418.000000 0.501300
5419.000000 0.500100
5420.000000 0.498900
5421.000000 0.501500
5422.000000 0.503300
5423.000000 0.502800
5424.000000 0.501600
5425.000000 0.502200
5426.000000 0.502900
5427.000000 0.503500
5428.000000 0.504200
5429.000000 0.503600
5430.000000 0.503600
5431.000000 0.504900
5432.000000 0.506200
5433.000000 0.506200
5434.000000 0.506200
5435.000000 0.505600
5436.000000 0.505700
5437.000000 0.506300
5438.000000 0.507000
5439.000000 0.507600
5440.000000 0.507700
5441.000000 0.508300
5442.000000 0.509000
5443.000000 0.508400
5444.000000 0.508400
5445.000000 0.509100
5446.000000 0.509100
5447.000000 0.508500
5448.000000 0.507300
5449.000000 0.506700
5450.000000 0.506100
5451.000000 0.504300
5452.000000 0.503000
5453.000000 0.502500
5454.000000 0.501900
5455.000000 0.501900
5456.000000 0.501300
5457.000000 0.498800
5458.000000 0.496400
5459.000000 0.493900
5460.000000 0.492100
5461.000000 0.489600
5462.000000 0.487200
5463.000000 0.484700
5464.000000 0.481600
5465.000000 0.478600
5466.000000 0.476100
5467.000000 0.472400
5468.000000 0.469300
5469.000000 0.465600
5470.000000 0.462500
5471.000000 0.458200
5472.000000 0.453900
5473.000000 0.448300
5474.000000 0.442700
5475.000000 0.437800
5476.000000 0.432800
5477.000000 0.427300
5478.000000 0.421700
5479.000000 0.416100
5480.000000 0.410500
5481.000000 0.404300
5482.000000 0.398100
5483.000000 0.391900
5484.000000 0.386300
5485.000000 0.381400
5486.000000 0.377000
5487.000000 0.370200
5488.000000 0.363400
5489.000000 0.356500
5490.000000 0.349700
5491.000000 0.344700
5492.000000 0.339100
5493.000000 0.332900
5494.000000 0.326700
5495.000000 0.321100
5496.000000 0.314900
5497.000000 0.308700
5498.000000 0.302500
5499.000000 0.298100
5500.000000 0.293800
5501.000000 0.287600
5502.000000 0.282000
5503.000000 0.276400
5504.000000 0.271400
5505.000000 0.267100
5506.000000 0.263400
5507.000000 0.258400
5508.000000 0.252800
5509.000000 0.249700
5510.000000 0.246000
5511.000000 0.241600
5512.000000 0.237300
5513.000000 0.234200
5514.000000 0.231100
5515.000000 0.228000
5516.000000 0.224900
5517.000000 0.221800
5518.000000 0.218700
5519.000000 0.216200
5520.000000 0.213700
5521.000000 0.211200
5522.000000 0.208800
5523.000000 0.207500
5524.000000 0.205700
5525.000000 0.204400
5526.000000 0.202600
5527.000000 0.200700
5528.000000 0.198200
5529.000000 0.197000
5530.000000 0.196400
5531.000000 0.194500
5532.000000 0.193300
5533.000000 0.192000
5534.000000 0.190800
5535.000000 0.188900
5536.000000 0.186400
5537.000000 0.185800
5538.000000 0.185200
5539.000000 0.182700
5540.000000 0.180200
5541.000000 0.178400
5542.000000 0.176500
5543.000000 0.174600
5544.000000 0.172200
5545.000000 0.169000
5546.000000 0.165900
5547.000000 0.162200
5548.000000 0.158500
5549.000000 0.155300
5550.000000 0.152200
5551.000000 0.147900
5552.000000 0.143500
5553.000000 0.139100
5554.000000 0.134800
5555.000000 0.128500
5556.000000 0.122900
5557.000000 0.117900
5558.000000 0.113600
5559.000000 0.108000
5560.000000 0.102300
5561.000000 0.096100
5562.000000 0.090500
5563.000000 0.084900
5564.000000 0.079300
5565.000000 0.073600
5566.000000 0.068000
5567.000000 0.063000
5568.000000 0.058700
5569.000000 0.054300
5570.000000 0.050600
5571.000000 0.046800
5572.000000 0.042400
5573.000000 0.039900
5574.000000 0.036800
5575.000000 0.033700
5576.000000 0.031200
5577.000000 0.029300
5578.000000 0.026800
5579.000000 0.025000
5580.000000 0.022500
5581.000000 0.021200
5582.000000 0.020000
5583.000000 0.018100
5584.000000 0.016900
5585.000000 0.015600
5586.000000 0.014400
5587.000000 0.013100
5588.000000 0.012500
5589.000000 0.011200
5590.000000 0.010600
5591.000000 0.010000
5592.000000 0.009400
5593.000000 0.008700
5594.000000 0.008100
5595.000000 0.007500
5596.000000 0.006900
5597.000000 0.006200
5598.000000 0.005600
5599.000000 0.005600
5600.000000 0.005000
5601.000000 0.005000
5602.000000 0.004400
5603.000000 0.004400
5604.000000 0.003700
5605.000000 0.003700
5606.000000 0.003700
5607.000000 0.003100
5608.000000 0.003100
5609.000000 0.002500
5610.000000 0.002500
5611.000000 0.002500
5612.000000 0.002500
5613.000000 0.002500
5614.000000 0.001900
5615.000000 0.001900
5616.000000 0.001900
5617.000000 0.001900
5618.000000 0.001900
5619.000000 0.001900
5620.000000 0.001200
5621.000000 0.001200
5622.000000 0.001200
5623.000000 0.001200
5624.000000 0.001200
5625.000000 0.001200
5626.000000 0.001200
5627.000000 0.001200
5628.000000 0.000600
5629.000000 0.000600
5630.000000 0.000600
5631.000000 0.000600
5632.000000 0.000600
5633.000000 0.000600
5634.000000 0.000600
5635.000000 0.000600
5636.000000 0.000600
5637.000000 0.000600
5638.000000 0.000600
5639.000000 0.000600
5640.000000 0.000600
5641.000000 0.000600
5642.000000 0.000600
5643.000000 0.000600
5644.000000 0.000600
5645.000000 0.000600
5646.000000 0.000600
5647.000000 0.000600
