7640.000000 0.000400
7641.000000 0.000400
7642.000000 0.000400
7643.000000 0.000400
7644.000000 0.000400
7645.000000 0.000400
7646.000000 0.000500
7647.000000 0.000500
7648.000000 0.000500
7649.000000 0.000500
7650.000000 0.000500
7651.000000 0.000500
7652.000000 0.000500
7653.000000 0.000500
7654.000000 0.000500
7655.000000 0.000500
7656.000000 0.000500
7657.000000 0.000500
7658.000000 0.000500
7659.000000 0.000500
7660.000000 0.000500
7661.000000 0.000500
7662.000000 0.000500
7663.000000 0.000500
7664.000000 0.000500
7665.000000 0.000500
7666.000000 0.000500
7667.000000 0.000500
7668.000000 0.000500
7669.000000 0.000500
7670.000000 0.000500
7671.000000 0.000500
7672.000000 0.000500
7673.000000 0.000500
7674.000000 0.000600
7675.000000 0.000600
7676.000000 0.000600
7677.000000 0.000600
7678.000000 0.000600
7679.000000 0.000600
7680.000000 0.000600
7681.000000 0.000600
7682.000000 0.000600
7683.000000 0.000600
7684.000000 0.000600
7685.000000 0.000600
7686.000000 0.000600
7687.000000 0.000600
7688.000000 0.000600
7689.000000 0.000600
7690.000000 0.000600
7691.000000 0.000600
7692.000000 0.000600
7693.000000 0.000600
7694.000000 0.000600
7695.000000 0.000600
7696.000000 0.000600
7697.000000 0.000600
7698.000000 0.000600
7699.000000 0.000600
7700.000000 0.000600
7701.000000 0.000600
7702.000000 0.000600
7703.000000 0.000600
7704.000000 0.000600
7705.000000 0.000600
7706.000000 0.000600
7707.000000 0.000600
7708.000000 0.000600
7709.000000 0.000600
7710.000000 0.000600
7711.000000 0.000600
7712.000000 0.000600
7713.000000 0.000600
7714.000000 0.000600
7715.000000 0.000600
7716.000000 0.000600
7717.000000 0.000600
7718.000000 0.000600
7719.000000 0.000600
7720.000000 0.000600
7721.000000 0.000600
7722.000000 0.000600
7723.000000 0.000600
7724.000000 0.000600
7725.000000 0.000600
7726.000000 0.000600
7727.000000 0.000600
7728.000000 0.000600
7729.000000 0.000600
7730.000000 0.000600
7731.000000 0.000600
7732.000000 0.000600
7733.000000 0.000600
7734.000000 0.000600
7735.000000 0.000600
7736.000000 0.000600
7737.000000 0.000600
7738.000000 0.000600
7739.000000 0.000600
7740.000000 0.000600
7741.000000 0.000600
7742.000000 0.000600
7743.000000 0.000600
7744.000000 0.000600
7745.000000 0.000600
7746.000000 0.000600
7747.000000 0.000600
7748.000000 0.000600
7749.000000 0.000600
7750.000000 0.000600
7751.000000 0.000600
7752.000000 0.000600
7753.000000 0.000600
7754.000000 0.000600
7755.000000 0.000600
7756.000000 0.000600
7757.000000 0.000600
7758.000000 0.000600
7759.000000 0.000600
7760.000000 0.000600
7761.000000 0.000600
7762.000000 0.000600
7763.000000 0.000600
7764.000000 0.000600
7765.000000 0.000600
7766.000000 0.000600
7767.000000 0.000600
7768.000000 0.000600
7769.000000 0.000600
7770.000000 0.000600
7771.000000 0.001100
7772.000000 0.001100
7773.000000 0.001100
7774.000000 0.001100
7775.000000 0.001100
7776.000000 0.001100
7777.000000 0.001100
7778.000000 0.001100
7779.000000 0.001100
7780.000000 0.001100
7781.000000 0.001100
7782.000000 0.001100
7783.000000 0.001100
7784.000000 0.001100
7785.000000 0.001100
7786.000000 0.001100
7787.000000 0.001100
7788.000000 0.001100
7789.000000 0.001100
7790.000000 0.001100
7791.000000 0.001100
7792.000000 0.001100
7793.000000 0.001100
7794.000000 0.001100
7795.000000 0.001100
7796.000000 0.001100
7797.000000 0.001100
7798.000000 0.001100
7799.000000 0.001100
7800.000000 0.001100
7801.000000 0.001100
7802.000000 0.001100
7803.000000 0.001100
7804.000000 0.001100
7805.000000 0.001100
7806.000000 0.001100
7807.000000 0.001100
7808.000000 0.001100
7809.000000 0.001100
7810.000000 0.001100
7811.000000 0.001100
7812.000000 0.001100
7813.000000 0.001100
7814.000000 0.001100
7815.000000 0.001100
7816.000000 0.001100
7817.000000 0.001100
7818.000000 0.001100
7819.000000 0.001100
7820.000000 0.001100
7821.000000 0.001100
7822.000000 0.001100
7823.000000 0.001100
7824.000000 0.001100
7825.000000 0.001100
7826.000000 0.001700
7827.000000 0.001700
7828.000000 0.001700
7829.000000 0.001700
7830.000000 0.001700
7831.000000 0.001700
7832.000000 0.001700
7833.000000 0.001700
7834.000000 0.001700
7835.000000 0.001700
7836.000000 0.001700
7837.000000 0.001700
7838.000000 0.001700
7839.000000 0.001700
7840.000000 0.001700
7841.000000 0.001700
7842.000000 0.001700
7843.000000 0.001700
7844.000000 0.001700
7845.000000 0.001700
7846.000000 0.001700
7847.000000 0.001700
7848.000000 0.001700
7849.000000 0.001700
7850.000000 0.001700
7851.000000 0.001700
7852.000000 0.001700
7853.000000 0.001700
7854.000000 0.001700
7855.000000 0.001700
7856.000000 0.001700
7857.000000 0.002300
7858.000000 0.002300
7859.000000 0.002300
7860.000000 0.002300
7861.000000 0.002300
7862.000000 0.002300
7863.000000 0.002300
7864.000000 0.002300
7865.000000 0.002300
7866.000000 0.002300
7867.000000 0.002300
7868.000000 0.002300
7869.000000 0.002300
7870.000000 0.002300
7871.000000 0.002300
7872.000000 0.002300
7873.000000 0.002300
7874.000000 0.002300
7875.000000 0.002300
7876.000000 0.002300
7877.000000 0.002300
7878.000000 0.002300
7879.000000 0.002800
7880.000000 0.002800
7881.000000 0.002800
7882.000000 0.002800
7883.000000 0.002800
7884.000000 0.002800
7885.000000 0.002800
7886.000000 0.002800
7887.000000 0.002800
7888.000000 0.002800
7889.000000 0.002800
7890.000000 0.002800
7891.000000 0.002800
7892.000000 0.002800
7893.000000 0.002800
7894.000000 0.002800
7895.000000 0.003400
7896.000000 0.003400
7897.000000 0.003400
7898.000000 0.003400
7899.000000 0.003400
7900.000000 0.003400
7901.000000 0.003400
7902.000000 0.003400
7903.000000 0.003400
7904.000000 0.003400
7905.000000 0.003400
7906.000000 0.003400
7907.000000 0.003400
7908.000000 0.003900
7909.000000 0.003900
7910.000000 0.003900
7911.000000 0.003900
7912.000000 0.003900
7913.000000 0.003900
7914.000000 0.003900
7915.000000 0.003900
7916.000000 0.003900
7917.000000 0.003900
7918.000000 0.003900
7919.000000 0.004500
7920.000000 0.004500
7921.000000 0.004500
7922.000000 0.004500
7923.000000 0.004500
7924.000000 0.004500
7925.000000 0.004500
7926.000000 0.004500
7927.000000 0.004500
7928.000000 0.004500
7929.000000 0.005100
7930.000000 0.005100
7931.000000 0.005100
7932.000000 0.005100
7933.000000 0.005100
7934.000000 0.005100
7935.000000 0.005100
7936.000000 0.005100
7937.000000 0.005100
7938.000000 0.005600
7939.000000 0.005600
7940.000000 0.005600
7941.000000 0.005600
7942.000000 0.005600
7943.000000 0.005600
7944.000000 0.005600
7945.000000 0.006200
7946.000000 0.006200
7947.000000 0.006200
7948.000000 0.006200
7949.000000 0.006200
7950.000000 0.006200
7951.000000 0.006200
7952.000000 0.006800
7953.000000 0.006800
7954.000000 0.006800
7955.000000 0.006800
7956.000000 0.006800
7957.000000 0.006800
7958.000000 0.007300
7959.000000 0.007300
7960.000000 0.007300
7961.000000 0.007300
7962.000000 0.007300
7963.000000 0.007300
7964.000000 0.007900
7965.000000 0.007900
7966.000000 0.007900
7967.000000 0.007900
7968.000000 0.007900
7969.000000 0.008500
7970.000000 0.008500
7971.000000 0.008500
7972.000000 0.008500
7973.000000 0.008500
7974.000000 0.009000
7975.000000 0.009000
7976.000000 0.009000
7977.000000 0.009000
7978.000000 0.009600
7979.000000 0.009600
7980.000000 0.009600
7981.000000 0.009600
7982.000000 0.009600
7983.000000 0.010200
7984.000000 0.010200
7985.000000 0.010200
7986.000000 0.010100
7987.000000 0.010700
7988.000000 0.010700
7989.000000 0.010700
7990.000000 0.011300
7991.000000 0.011300
7992.000000 0.011300
7993.000000 0.011300
7994.000000 0.011800
7995.000000 0.011800
7996.000000 0.011800
7997.000000 0.012400
7998.000000 0.012400
7999.000000 0.012400
8000.000000 0.012400
8001.000000 0.012900
8002.000000 0.012900
8003.000000 0.012900
8004.000000 0.013500
8005.000000 0.013500
8006.000000 0.013500
8007.000000 0.014000
8008.000000 0.014000
8009.000000 0.014600
8010.000000 0.014600
8011.000000 0.014600
8012.000000 0.015200
8013.000000 0.015200
8014.000000 0.015100
8015.000000 0.015700
8016.000000 0.015700
8017.000000 0.016300
8018.000000 0.016300
8019.000000 0.016300
8020.000000 0.016800
8021.000000 0.016800
8022.000000 0.017400
8023.000000 0.017400
8024.000000 0.017900
8025.000000 0.017900
8026.000000 0.017900
8027.000000 0.018500
8028.000000 0.018500
8029.000000 0.019000
8030.000000 0.019000
8031.000000 0.019600
8032.000000 0.019600
8033.000000 0.020100
8034.000000 0.020100
8035.000000 0.020700
8036.000000 0.020700
8037.000000 0.021200
8038.000000 0.021800
8039.000000 0.021800
8040.000000 0.022300
8041.000000 0.022300
8042.000000 0.022900
8043.000000 0.022900
8044.000000 0.023400
8045.000000 0.024000
8046.000000 0.024000
8047.000000 0.024500
8048.000000 0.025100
8049.000000 0.025100
8050.000000 0.025600
8051.000000 0.026200
8052.000000 0.026200
8053.000000 0.026700
8054.000000 0.027300
8055.000000 0.027300
8056.000000 0.027800
8057.000000 0.028400
8058.000000 0.028900
8059.000000 0.028900
8060.000000 0.029500
8061.000000 0.030000
8062.000000 0.030600
8063.000000 0.030600
8064.000000 0.031100
8065.000000 0.031700
8066.000000 0.032200
8067.000000 0.032700
8068.000000 0.033300
8069.000000 0.033800
8070.000000 0.033800
8071.000000 0.034400
8072.000000 0.034900
8073.000000 0.035500
8074.000000 0.036000
8075.000000 0.036600
8076.000000 0.037100
8077.000000 0.037600
8078.000000 0.038200
8079.000000 0.038700
8080.000000 0.039300
8081.000000 0.039800
8082.000000 0.040300
8083.000000 0.040800
8084.000000 0.041300
8085.000000 0.041900
8086.000000 0.042400
8087.000000 0.042900
8088.000000 0.043400
8089.000000 0.044400
8090.000000 0.045000
8091.000000 0.045500
8092.000000 0.046000
8093.000000 0.046500
8094.000000 0.047000
8095.000000 0.048000
8096.000000 0.048500
8097.000000 0.049000
8098.000000 0.049500
8099.000000 0.050600
8100.000000 0.051100
8101.000000 0.051600
8102.000000 0.052600
8103.000000 0.053100
8104.000000 0.053600
8105.000000 0.054600
8106.000000 0.055100
8107.000000 0.055600
8108.000000 0.056600
8109.000000 0.057000
8110.000000 0.058000
8111.000000 0.058500
8112.000000 0.059500
8113.000000 0.060000
8114.000000 0.061000
8115.000000 0.061400
8116.000000 0.062400
8117.000000 0.062900
8118.000000 0.063900
8119.000000 0.064300
8120.000000 0.065300
8121.000000 0.066300
8122.000000 0.066700
8123.000000 0.067700
8124.000000 0.068700
8125.000000 0.069100
8126.000000 0.070100
8127.000000 0.071100
8128.000000 0.072000
8129.000000 0.072500
8130.000000 0.073400
8131.000000 0.074400
8132.000000 0.075400
8133.000000 0.076300
8134.000000 0.077300
8135.000000 0.077700
8136.000000 0.078700
8137.000000 0.079600
8138.000000 0.080600
8139.000000 0.081500
8140.000000 0.082500
8141.000000 0.083400
8142.000000 0.084400
8143.000000 0.085300
8144.000000 0.086200
8145.000000 0.087200
8146.000000 0.088100
8147.000000 0.089100
8148.000000 0.090000
8149.000000 0.090900
8150.000000 0.091800
8151.000000 0.092800
8152.000000 0.093700
8153.000000 0.094600
8154.000000 0.095500
8155.000000 0.096400
8156.000000 0.097400
8157.000000 0.098800
8158.000000 0.099700
8159.000000 0.100700
8160.000000 0.101600
8161.000000 0.102500
8162.000000 0.103500
8163.000000 0.104900
8164.000000 0.105800
8165.000000 0.106800
8166.000000 0.107700
8167.000000 0.109100
8168.000000 0.110000
8169.000000 0.111000
8170.000000 0.112400
8171.000000 0.113300
8172.000000 0.114200
8173.000000 0.115600
8174.000000 0.116500
8175.000000 0.117400
8176.000000 0.118800
8177.000000 0.119700
8178.000000 0.120700
8179.000000 0.122100
8180.000000 0.123000
8181.000000 0.124400
8182.000000 0.125300
8183.000000 0.126800
8184.000000 0.127700
8185.000000 0.129100
8186.000000 0.130000
8187.000000 0.131500
8188.000000 0.132400
8189.000000 0.133800
8190.000000 0.134700
8191.000000 0.136200
8192.000000 0.137600
8193.000000 0.138500
8194.000000 0.139900
8195.000000 0.140800
8196.000000 0.142200
8197.000000 0.143700
8198.000000 0.144600
8199.000000 0.146000
8200.000000 0.147400
8201.000000 0.148300
8202.000000 0.149700
8203.000000 0.151100
8204.000000 0.152000
8205.000000 0.153400
8206.000000 0.154800
8207.000000 0.155800
8208.000000 0.157200
8209.000000 0.158600
8210.000000 0.159600
8211.000000 0.161000
8212.000000 0.162400
8213.000000 0.163900
8214.000000 0.164800
8215.000000 0.166200
8216.000000 0.167700
8217.000000 0.169100
8218.000000 0.170000
8219.000000 0.171500
8220.000000 0.172900
8221.000000 0.174300
8222.000000 0.175200
8223.000000 0.176700
8224.000000 0.178100
8225.000000 0.179500
8226.000000 0.180900
8227.000000 0.181900
8228.000000 0.183300
8229.000000 0.184700
8230.000000 0.186100
8231.000000 0.187100
8232.000000 0.188600
8233.000000 0.190100
8234.000000 0.191500
8235.000000 0.192500
8236.000000 0.194000
8237.000000 0.195500
8238.000000 0.197000
8239.000000 0.198400
8240.000000 0.199400
8241.000000 0.200900
8242.000000 0.202400
8243.000000 0.203400
8244.000000 0.204900
8245.000000 0.206300
8246.000000 0.207800
8247.000000 0.209300
8248.000000 0.210300
8249.000000 0.211800
8250.000000 0.213300
8251.000000 0.214700
8252.000000 0.216200
8253.000000 0.217200
8254.000000 0.218700
8255.000000 0.220200
8256.000000 0.221700
8257.000000 0.223300
8258.000000 0.224400
8259.000000 0.225900
8260.000000 0.227500
8261.000000 0.229000
8262.000000 0.230600
8263.000000 0.231700
8264.000000 0.233200
8265.000000 0.234800
8266.000000 0.236300
8267.000000 0.237400
8268.000000 0.239000
8269.000000 0.240600
8270.000000 0.242100
8271.000000 0.243700
8272.000000 0.244800
8273.000000 0.246300
8274.000000 0.247900
8275.000000 0.249000
8276.000000 0.250600
8277.000000 0.252100
8278.000000 0.253200
8279.000000 0.254800
8280.000000 0.256400
8281.000000 0.258000
8282.000000 0.259200
8283.000000 0.260900
8284.000000 0.262600
8285.000000 0.263700
8286.000000 0.265400
8287.000000 0.267100
8288.000000 0.268300
8289.000000 0.269900
8290.000000 0.271600
8291.000000 0.272800
8292.000000 0.274500
8293.000000 0.275700
8294.000000 0.277400
8295.000000 0.279100
8296.000000 0.280300
8297.000000 0.282000
8298.000000 0.283200
8299.000000 0.284900
8300.000000 0.286100
8301.000000 0.287800
8302.000000 0.288900
8303.000000 0.290600
8304.000000 0.292300
8305.000000 0.293500
8306.000000 0.294800
8307.000000 0.296500
8308.000000 0.297800
8309.000000 0.299500
8310.000000 0.300800
8311.000000 0.302500
8312.000000 0.303800
8313.000000 0.305500
8314.000000 0.306800
8315.000000 0.308500
8316.000000 0.309800
8317.000000 0.311500
8318.000000 0.312800
8319.000000 0.314100
8320.000000 0.315800
8321.000000 0.317100
8322.000000 0.318900
8323.000000 0.320100
8324.000000 0.321400
8325.000000 0.323200
8326.000000 0.324400
8327.000000 0.325700
8328.000000 0.327500
8329.000000 0.328800
8330.000000 0.330000
8331.000000 0.331700
8332.000000 0.332800
8333.000000 0.333900
8334.000000 0.335500
8335.000000 0.336600
8336.000000 0.337700
8337.000000 0.338800
8338.000000 0.339900
8339.000000 0.341000
8340.000000 0.342600
8341.000000 0.343800
8342.000000 0.344900
8343.000000 0.346000
8344.000000 0.347100
8345.000000 0.348200
8346.000000 0.349300
8347.000000 0.350400
8348.000000 0.351500
8349.000000 0.353200
8350.000000 0.354300
8351.000000 0.355400
8352.000000 0.356500
8353.000000 0.357600
8354.000000 0.358700
8355.000000 0.359300
8356.000000 0.360300
8357.000000 0.361200
8358.000000 0.362100
8359.000000 0.363000
8360.000000 0.364000
8361.000000 0.364900
8362.000000 0.365800
8363.000000 0.366800
8364.000000 0.367700
8365.000000 0.368600
8366.000000 0.369000
8367.000000 0.369900
8368.000000 0.370900
8369.000000 0.371800
8370.000000 0.372200
8371.000000 0.373100
8372.000000 0.374000
8373.000000 0.374400
8374.000000 0.375400
8375.000000 0.376300
8376.000000 0.376700
8377.000000 0.377600
8378.000000 0.378500
8379.000000 0.378900
8380.000000 0.379800
8381.000000 0.380800
8382.000000 0.381200
8383.000000 0.382100
8384.000000 0.382500
8385.000000 0.383400
8386.000000 0.384400
8387.000000 0.384800
8388.000000 0.385200
8389.000000 0.386100
8390.000000 0.387000
8391.000000 0.387400
8392.000000 0.388400
8393.000000 0.388800
8394.000000 0.389700
8395.000000 0.390600
8396.000000 0.391000
8397.000000 0.391900
8398.000000 0.392300
8399.000000 0.393200
8400.000000 0.393700
8401.000000 0.394600
8402.000000 0.394900
8403.000000 0.395300
8404.000000 0.396200
8405.000000 0.396600
8406.000000 0.397500
8407.000000 0.397900
8408.000000 0.398300
8409.000000 0.399200
8410.000000 0.399600
8411.000000 0.400000
8412.000000 0.400900
8413.000000 0.401300
8414.000000 0.401700
8415.000000 0.402600
8416.000000 0.402900
8417.000000 0.403300
8418.000000 0.404200
8419.000000 0.404600
8420.000000 0.405000
8421.000000 0.405400
8422.000000 0.405800
8423.000000 0.406700
8424.000000 0.407100
8425.000000 0.407400
8426.000000 0.407800
8427.000000 0.408200
8428.000000 0.408600
8429.000000 0.409500
8430.000000 0.409900
8431.000000 0.410300
8432.000000 0.410700
8433.000000 0.411000
8434.000000 0.411900
8435.000000 0.412300
8436.000000 0.412800
8437.000000 0.413200
8438.000000 0.413600
8439.000000 0.414500
8440.000000 0.414900
8441.000000 0.415300
8442.000000 0.415700
8443.000000 0.416100
8444.000000 0.416500
8445.000000 0.416900
8446.000000 0.417200
8447.000000 0.417600
8448.000000 0.418000
8449.000000 0.418400
8450.000000 0.418800
8451.000000 0.419200
8452.000000 0.419600
8453.000000 0.420000
8454.000000 0.420400
8455.000000 0.420800
8456.000000 0.421200
8457.000000 0.421600
8458.000000 0.422000
8459.000000 0.422400
8460.000000 0.422800
8461.000000 0.423200
8462.000000 0.423600
8463.000000 0.424000
8464.000000 0.424400
8465.000000 0.424800
8466.000000 0.425200
8467.000000 0.425600
8468.000000 0.426000
8469.000000 0.425900
8470.000000 0.426300
8471.000000 0.426700
8472.000000 0.427100
8473.000000 0.427500
8474.000000 0.427900
8475.000000 0.428300
8476.000000 0.428600
8477.000000 0.429000
8478.000000 0.429400
8479.000000 0.429300
8480.000000 0.429700
8481.000000 0.430100
8482.000000 0.430500
8483.000000 0.430900
8484.000000 0.431300
8485.000000 0.431200
8486.000000 0.431600
8487.000000 0.432000
8488.000000 0.432400
8489.000000 0.432800
8490.000000 0.433200
8491.000000 0.433100
8492.000000 0.433500
8493.000000 0.433900
8494.000000 0.433800
8495.000000 0.434200
8496.000000 0.434600
8497.000000 0.435000
8498.000000 0.435400
8499.000000 0.435300
8500.000000 0.435700
8501.000000 0.436100
8502.000000 0.436500
8503.000000 0.436400
8504.000000 0.436800
8505.000000 0.437200
8506.000000 0.437100
8507.000000 0.437500
8508.000000 0.437800
8509.000000 0.438200
8510.000000 0.438100
8511.000000 0.438500
8512.000000 0.438900
8513.000000 0.438800
8514.000000 0.439200
8515.000000 0.439100
8516.000000 0.439400
8517.000000 0.439300
8518.000000 0.439700
8519.000000 0.440100
8520.000000 0.440000
8521.000000 0.440400
8522.000000 0.440800
8523.000000 0.440600
8524.000000 0.441000
8525.000000 0.441400
8526.000000 0.441300
8527.000000 0.441700
8528.000000 0.441600
8529.000000 0.441900
8530.000000 0.441800
8531.000000 0.442200
8532.000000 0.442600
8533.000000 0.442500
8534.000000 0.442900
8535.000000 0.443200
8536.000000 0.443100
8537.000000 0.443500
8538.000000 0.443400
8539.000000 0.443800
8540.000000 0.443700
8541.000000 0.444000
8542.000000 0.444400
8543.000000 0.444300
8544.000000 0.444700
8545.000000 0.444600
8546.000000 0.445000
8547.000000 0.444800
8548.000000 0.444700
8549.000000 0.445100
8550.000000 0.445000
8551.000000 0.445400
8552.000000 0.445200
8553.000000 0.445100
8554.000000 0.445500
8555.000000 0.445400
8556.000000 0.445800
8557.000000 0.445600
8558.000000 0.446000
8559.000000 0.445900
8560.000000 0.446300
8561.000000 0.446100
8562.000000 0.446600
8563.000000 0.446600
8564.000000 0.446600
8565.000000 0.447100
8566.000000 0.447100
8567.000000 0.447100
8568.000000 0.447500
8569.000000 0.447500
8570.000000 0.447500
8571.000000 0.448000
8572.000000 0.448000
8573.000000 0.448500
8574.000000 0.448500
8575.000000 0.448900
8576.000000 0.448900
8577.000000 0.449400
8578.000000 0.449400
8579.000000 0.449400
8580.000000 0.449900
8581.000000 0.449800
8582.000000 0.450300
8583.000000 0.450300
8584.000000 0.450300
8585.000000 0.450800
8586.000000 0.450700
8587.000000 0.450700
8588.000000 0.451200
8589.000000 0.451200
8590.000000 0.451700
8591.000000 0.451700
8592.000000 0.452100
8593.000000 0.452100
8594.000000 0.452100
8595.000000 0.452600
8596.000000 0.452600
8597.000000 0.452600
8598.000000 0.452600
8599.000000 0.453000
8600.000000 0.453000
8601.000000 0.453000
8602.000000 0.453500
8603.000000 0.453400
8604.000000 0.453400
8605.000000 0.453900
8606.000000 0.453800
8607.000000 0.453800
8608.000000 0.454300
8609.000000 0.454100
8610.000000 0.454000
8611.000000 0.453900
8612.000000 0.453700
8613.000000 0.453600
8614.000000 0.453500
8615.000000 0.453800
8616.000000 0.453700
8617.000000 0.453600
8618.000000 0.453400
8619.000000 0.453800
8620.000000 0.453600
8621.000000 0.454000
8622.000000 0.453900
8623.000000 0.453700
8624.000000 0.454100
8625.000000 0.453900
8626.000000 0.453800
8627.000000 0.453700
8628.000000 0.453500
8629.000000 0.453900
8630.000000 0.453800
8631.000000 0.454100
8632.000000 0.454000
8633.000000 0.453800
8634.000000 0.453700
8635.000000 0.453500
8636.000000 0.453900
8637.000000 0.453700
8638.000000 0.453600
8639.000000 0.453900
8640.000000 0.453800
8641.000000 0.453600
8642.000000 0.453500
8643.000000 0.453300
8644.000000 0.453700
8645.000000 0.453500
8646.000000 0.453400
8647.000000 0.453200
8648.000000 0.453500
8649.000000 0.453400
8650.000000 0.453300
8651.000000 0.453100
8652.000000 0.453000
8653.000000 0.452800
8654.000000 0.453100
8655.000000 0.453000
8656.000000 0.452800
8657.000000 0.452700
8658.000000 0.452500
8659.000000 0.452400
8660.000000 0.452200
8661.000000 0.452600
8662.000000 0.452400
8663.000000 0.452200
8664.000000 0.452100
8665.000000 0.452400
8666.000000 0.452300
8667.000000 0.452100
8668.000000 0.452000
8669.000000 0.451800
8670.000000 0.451700
8671.000000 0.451500
8672.000000 0.451300
8673.000000 0.451200
8674.000000 0.451500
8675.000000 0.451400
8676.000000 0.451700
8677.000000 0.451500
8678.000000 0.451400
8679.000000 0.451200
8680.000000 0.451100
8681.000000 0.450900
8682.000000 0.451200
8683.000000 0.451100
8684.000000 0.450900
8685.000000 0.450800
8686.000000 0.450600
8687.000000 0.450900
8688.000000 0.450800
8689.000000 0.450600
8690.000000 0.450400
8691.000000 0.450300
8692.000000 0.450100
8693.000000 0.450400
8694.000000 0.450300
8695.000000 0.450100
8696.000000 0.450400
8697.000000 0.450300
8698.000000 0.450100
8699.000000 0.450000
8700.000000 0.450300
8701.000000 0.450100
8702.000000 0.449900
8703.000000 0.449700
8704.000000 0.449500
8705.000000 0.449400
8706.000000 0.448700
8707.000000 0.449000
8708.000000 0.448800
8709.000000 0.448200
8710.000000 0.448000
8711.000000 0.447800
8712.000000 0.448100
8713.000000 0.447900
8714.000000 0.447700
8715.000000 0.447500
8716.000000 0.447800
8717.000000 0.447700
8718.000000 0.447500
8719.000000 0.447300
8720.000000 0.447100
8721.000000 0.446900
8722.000000 0.447200
8723.000000 0.447000
8724.000000 0.446800
8725.000000 0.446200
8726.000000 0.446000
8727.000000 0.445800
8728.000000 0.446100
8729.000000 0.445900
8730.000000 0.445700
8731.000000 0.446000
8732.000000 0.445800
8733.000000 0.446100
8734.000000 0.445900
8735.000000 0.446200
8736.000000 0.446000
8737.000000 0.445900
8738.000000 0.445700
8739.000000 0.445500
8740.000000 0.445300
8741.000000 0.445100
8742.000000 0.444900
8743.000000 0.445200
8744.000000 0.445000
8745.000000 0.444800
8746.000000 0.444700
8747.000000 0.444500
8748.000000 0.444300
8749.000000 0.444100
8750.000000 0.443900
8751.000000 0.443700
8752.000000 0.443600
8753.000000 0.443400
8754.000000 0.443200
8755.000000 0.443000
8756.000000 0.442800
8757.000000 0.442600
8758.000000 0.442500
8759.000000 0.442300
8760.000000 0.441600
8761.000000 0.441500
8762.000000 0.441300
8763.000000 0.441100
8764.000000 0.440900
8765.000000 0.441200
8766.000000 0.441000
8767.000000 0.440800
8768.000000 0.440700
8769.000000 0.440900
8770.000000 0.440800
8771.000000 0.440600
8772.000000 0.440400
8773.000000 0.440200
8774.000000 0.439600
8775.000000 0.439400
8776.000000 0.439200
8777.000000 0.439000
8778.000000 0.438900
8779.000000 0.438700
8780.000000 0.438500
8781.000000 0.438300
8782.000000 0.438600
8783.000000 0.438400
8784.000000 0.438200
8785.000000 0.438100
8786.000000 0.438400
8787.000000 0.438200
8788.000000 0.438000
8789.000000 0.438300
8790.000000 0.438100
8791.000000 0.437900
8792.000000 0.437300
8793.000000 0.437100
8794.000000 0.436900
8795.000000 0.436800
8796.000000 0.436600
8797.000000 0.436400
8798.000000 0.436700
8799.000000 0.437000
8800.000000 0.436800
8801.000000 0.437100
8802.000000 0.436900
8803.000000 0.437100
8804.000000 0.436900
8805.000000 0.436800
8806.000000 0.436600
8807.000000 0.436400
8808.000000 0.436200
8809.000000 0.436000
8810.000000 0.435400
8811.000000 0.435700
8812.000000 0.435500
8813.000000 0.434800
8814.000000 0.434700
8815.000000 0.434000
8816.000000 0.433800
8817.000000 0.433700
8818.000000 0.433900
8819.000000 0.433300
8820.000000 0.433100
8821.000000 0.432900
8822.000000 0.432700
8823.000000 0.432100
8824.000000 0.431900
8825.000000 0.431300
8826.000000 0.431100
8827.000000 0.430900
8828.000000 0.431200
8829.000000 0.431000
8830.000000 0.430800
8831.000000 0.430600
8832.000000 0.430500
8833.000000 0.430700
8834.000000 0.431000
8835.000000 0.430800
8836.000000 0.430700
8837.000000 0.430900
8838.000000 0.430800
8839.000000 0.430600
8840.000000 0.430900
8841.000000 0.430700
8842.000000 0.430500
8843.000000 0.430400
8844.000000 0.430600
8845.000000 0.430500
8846.000000 0.430700
8847.000000 0.431000
8848.000000 0.430800
8849.000000 0.430700
8850.000000 0.430500
8851.000000 0.430800
8852.000000 0.431000
8853.000000 0.430900
8854.000000 0.430700
8855.000000 0.430500
8856.000000 0.430400
8857.000000 0.430200
8858.000000 0.430000
8859.000000 0.429400
8860.000000 0.429300
8861.000000 0.429100
8862.000000 0.429000
8863.000000 0.428300
8864.000000 0.428200
8865.000000 0.428000
8866.000000 0.427900
8867.000000 0.427700
8868.000000 0.427500
8869.000000 0.427400
8870.000000 0.427200
8871.000000 0.427500
8872.000000 0.427300
8873.000000 0.427200
8874.000000 0.426600
8875.000000 0.426400
8876.000000 0.425800
8877.000000 0.425200
8878.000000 0.425000
8879.000000 0.424900
8880.000000 0.424300
8881.000000 0.424500
8882.000000 0.424300
8883.000000 0.423600
8884.000000 0.423400
8885.000000 0.423200
8886.000000 0.423400
8887.000000 0.423200
8888.000000 0.423000
8889.000000 0.422800
8890.000000 0.423000
8891.000000 0.422400
8892.000000 0.422200
8893.000000 0.421900
8894.000000 0.421700
8895.000000 0.421500
8896.000000 0.421300
8897.000000 0.420700
8898.000000 0.420400
8899.000000 0.420200
8900.000000 0.420000
8901.000000 0.420700
8902.000000 0.420900
8903.000000 0.420600
8904.000000 0.420800
8905.000000 0.420600
8906.000000 0.420300
8907.000000 0.419100
8908.000000 0.418400
8909.000000 0.417700
8910.000000 0.417000
8911.000000 0.416300
8912.000000 0.415600
8913.000000 0.414900
8914.000000 0.414200
8915.000000 0.413000
8916.000000 0.412300
8917.000000 0.411600
8918.000000 0.410900
8919.000000 0.410600
8920.000000 0.410300
8921.000000 0.409200
8922.000000 0.408500
8923.000000 0.407800
8924.000000 0.407500
8925.000000 0.406800
8926.000000 0.406100
8927.000000 0.405000
8928.000000 0.404300
8929.000000 0.403600
8930.000000 0.402900
8931.000000 0.402000
8932.000000 0.400700
8933.000000 0.399800
8934.000000 0.398900
8935.000000 0.398000
8936.000000 0.397100
8937.000000 0.396200
8938.000000 0.395300
8939.000000 0.394800
8940.000000 0.394300
8941.000000 0.393400
8942.000000 0.392500
8943.000000 0.392000
8944.000000 0.391200
8945.000000 0.389900
8946.000000 0.389000
8947.000000 0.388100
8948.000000 0.387600
8949.000000 0.386300
8950.000000 0.385400
8951.000000 0.384100
8952.000000 0.382800
8953.000000 0.382400
8954.000000 0.381500
8955.000000 0.380600
8956.000000 0.379900
8957.000000 0.379200
8958.000000 0.378500
8959.000000 0.378200
8960.000000 0.377500
8961.000000 0.376500
8962.000000 0.375800
8963.000000 0.375100
8964.000000 0.374000
8965.000000 0.373400
8966.000000 0.372300
8967.000000 0.371600
8968.000000 0.370900
8969.000000 0.370300
8970.000000 0.369600
8971.000000 0.368900
8972.000000 0.368200
8973.000000 0.367500
8974.000000 0.367200
8975.000000 0.366600
8976.000000 0.365900
8977.000000 0.365200
8978.000000 0.364500
8979.000000 0.363500
8980.000000 0.362800
8981.000000 0.362200
8982.000000 0.361200
8983.000000 0.361000
8984.000000 0.360800
8985.000000 0.360500
8986.000000 0.360300
8987.000000 0.360000
8988.000000 0.359800
8989.000000 0.359600
8990.000000 0.359300
8991.000000 0.359100
8992.000000 0.359200
8993.000000 0.359000
8994.000000 0.358800
8995.000000 0.358900
8996.000000 0.358700
8997.000000 0.358000
8998.000000 0.357400
8999.000000 0.356800
9000.000000 0.355900
9001.000000 0.356000
9002.000000 0.356100
9003.000000 0.355400
9004.000000 0.354800
9005.000000 0.354900
9006.000000 0.355300
9007.000000 0.355300
9008.000000 0.355600
9009.000000 0.356000
9010.000000 0.356400
9011.000000 0.356400
9012.000000 0.356400
9013.000000 0.356800
9014.000000 0.357200
9015.000000 0.357900
9016.000000 0.358300
9017.000000 0.358300
9018.000000 0.358300
9019.000000 0.358700
9020.000000 0.359000
9021.000000 0.358700
9022.000000 0.358700
9023.000000 0.358700
9024.000000 0.358700
9025.000000 0.358700
9026.000000 0.358700
9027.000000 0.358300
9028.000000 0.357900
9029.000000 0.358300
9030.000000 0.358700
9031.000000 0.358700
9032.000000 0.358700
9033.000000 0.359100
9034.000000 0.359500
9035.000000 0.359200
9036.000000 0.358800
9037.000000 0.358800
9038.000000 0.358900
9039.000000 0.359300
9040.000000 0.359300
9041.000000 0.359300
9042.000000 0.359000
9043.000000 0.359000
9044.000000 0.359000
9045.000000 0.359000
9046.000000 0.358700
9047.000000 0.358300
9048.000000 0.358000
9049.000000 0.358700
9050.000000 0.359500
9051.000000 0.359500
9052.000000 0.359200
9053.000000 0.359900
9054.000000 0.360700
9055.000000 0.360700
9056.000000 0.360600
9057.000000 0.361100
9058.000000 0.361300
9059.000000 0.361200
9060.000000 0.361000
9061.000000 0.360500
9062.000000 0.360300
9063.000000 0.360100
9064.000000 0.360300
9065.000000 0.360100
9066.000000 0.360000
9067.000000 0.359100
9068.000000 0.358200
9069.000000 0.357600
9070.000000 0.357500
9071.000000 0.356600
9072.000000 0.356000
9073.000000 0.356600
9074.000000 0.357100
9075.000000 0.356600
9076.000000 0.355700
9077.000000 0.355900
9078.000000 0.356100
9079.000000 0.355600
9080.000000 0.355000
9081.000000 0.354300
9082.000000 0.354000
9083.000000 0.352900
9084.000000 0.351900
9085.000000 0.351200
9086.000000 0.350500
9087.000000 0.350500
9088.000000 0.350600
9089.000000 0.350300
9090.000000 0.349600
9091.000000 0.348900
9092.000000 0.348600
9093.000000 0.348600
9094.000000 0.348600
9095.000000 0.348700
9096.000000 0.348700
9097.000000 0.348700
9098.000000 0.348800
9099.000000 0.348100
9100.000000 0.347800
9101.000000 0.347400
9102.000000 0.347400
9103.000000 0.347100
9104.000000 0.346700
9105.000000 0.346400
9106.000000 0.346000
9107.000000 0.345700
9108.000000 0.345700
9109.000000 0.345700
9110.000000 0.345300
9111.000000 0.345000
9112.000000 0.344600
9113.000000 0.344300
9114.000000 0.343900
9115.000000 0.343600
9116.000000 0.343200
9117.000000 0.342800
9118.000000 0.342500
9119.000000 0.342100
9120.000000 0.341800
9121.000000 0.341400
9122.000000 0.341100
9123.000000 0.340700
9124.000000 0.340400
9125.000000 0.340000
9126.000000 0.339600
9127.000000 0.339300
9128.000000 0.338900
9129.000000 0.338600
9130.000000 0.338200
9131.000000 0.338000
9132.000000 0.337700
9133.000000 0.337500
9134.000000 0.337300
9135.000000 0.337000
9136.000000 0.336800
9137.000000 0.336600
9138.000000 0.336300
9139.000000 0.336100
9140.000000 0.335900
9141.000000 0.335600
9142.000000 0.335400
9143.000000 0.335100
9144.000000 0.334900
9145.000000 0.334700
9146.000000 0.334400
9147.000000 0.334200
9148.000000 0.334000
9149.000000 0.333700
9150.000000 0.333500
9151.000000 0.333300
9152.000000 0.333000
9153.000000 0.332800
9154.000000 0.332500
9155.000000 0.332300
9156.000000 0.332300
9157.000000 0.332300
9158.000000 0.332600
9159.000000 0.332200
9160.000000 0.332200
9161.000000 0.332200
9162.000000 0.332100
9163.000000 0.332100
9164.000000 0.332100
9165.000000 0.332000
9166.000000 0.332000
9167.000000 0.332000
9168.000000 0.332000
9169.000000 0.331900
9170.000000 0.331900
9171.000000 0.331900
9172.000000 0.331800
9173.000000 0.331800
9174.000000 0.331800
9175.000000 0.331700
9176.000000 0.332000
9177.000000 0.332000
9178.000000 0.331600
9179.000000 0.331900
9180.000000 0.331900
9181.000000 0.331900
9182.000000 0.331600
9183.000000 0.331600
9184.000000 0.331600
9185.000000 0.331600
9186.000000 0.331600
9187.000000 0.331700
9188.000000 0.331700
9189.000000 0.332000
9190.000000 0.332000
9191.000000 0.332000
9192.000000 0.331700
9193.000000 0.332100
9194.000000 0.332100
9195.000000 0.332100
9196.000000 0.331700
9197.000000 0.332100
9198.000000 0.332100
9199.000000 0.332100
9200.000000 0.331800
9201.000000 0.332100
9202.000000 0.332100
9203.000000 0.332100
9204.000000 0.332100
9205.000000 0.331800
9206.000000 0.331500
9207.000000 0.331600
9208.000000 0.331400
9209.000000 0.331200
9210.000000 0.330600
9211.000000 0.330700
9212.000000 0.330500
9213.000000 0.330200
9214.000000 0.330000
9215.000000 0.329800
9216.000000 0.329500
9217.000000 0.329300
9218.000000 0.329100
9219.000000 0.328800
9220.000000 0.328600
9221.000000 0.328400
9222.000000 0.328100
9223.000000 0.327900
9224.000000 0.327300
9225.000000 0.327400
9226.000000 0.327200
9227.000000 0.327000
9228.000000 0.326700
9229.000000 0.326500
9230.000000 0.326300
9231.000000 0.325500
9232.000000 0.324800
9233.000000 0.324100
9234.000000 0.323300
9235.000000 0.322600
9236.000000 0.321900
9237.000000 0.321100
9238.000000 0.320400
9239.000000 0.319700
9240.000000 0.319300
9241.000000 0.318200
9242.000000 0.317500
9243.000000 0.316800
9244.000000 0.316400
9245.000000 0.315300
9246.000000 0.314600
9247.000000 0.313900
9248.000000 0.313500
9249.000000 0.312700
9250.000000 0.312000
9251.000000 0.311000
9252.000000 0.310300
9253.000000 0.309900
9254.000000 0.309100
9255.000000 0.308100
9256.000000 0.306800
9257.000000 0.305800
9258.000000 0.304400
9259.000000 0.303100
9260.000000 0.301500
9261.000000 0.300400
9262.000000 0.299100
9263.000000 0.297800
9264.000000 0.296200
9265.000000 0.294900
9266.000000 0.293900
9267.000000 0.292600
9268.000000 0.290900
9269.000000 0.289900
9270.000000 0.288600
9271.000000 0.287300
9272.000000 0.286000
9273.000000 0.284700
9274.000000 0.283400
9275.000000 0.282100
9276.000000 0.280800
9277.000000 0.279500
9278.000000 0.278300
9279.000000 0.276700
9280.000000 0.275400
9281.000000 0.274200
9282.000000 0.272700
9283.000000 0.271300
9284.000000 0.269500
9285.000000 0.268300
9286.000000 0.266900
9287.000000 0.265400
9288.000000 0.263700
9289.000000 0.262500
9290.000000 0.261000
9291.000000 0.259600
9292.000000 0.257900
9293.000000 0.256400
9294.000000 0.255200
9295.000000 0.253500
9296.000000 0.252100
9297.000000 0.250900
9298.000000 0.249500
9299.000000 0.248000
9300.000000 0.246400
9301.000000 0.245200
9302.000000 0.243700
9303.000000 0.242300
9304.000000 0.240800
9305.000000 0.239400
9306.000000 0.238300
9307.000000 0.237100
9308.000000 0.236000
9309.000000 0.234800
9310.000000 0.233700
9311.000000 0.232500
9312.000000 0.231400
9313.000000 0.230200
9314.000000 0.229100
9315.000000 0.228000
9316.000000 0.226800
9317.000000 0.225700
9318.000000 0.224600
9319.000000 0.223400
9320.000000 0.222300
9321.000000 0.221200
9322.000000 0.220100
9323.000000 0.218900
9324.000000 0.217800
9325.000000 0.216700
9326.000000 0.215600
9327.000000 0.214500
9328.000000 0.213400
9329.000000 0.212300
9330.000000 0.211200
9331.000000 0.210600
9332.000000 0.210100
9333.000000 0.209600
9334.000000 0.209000
9335.000000 0.208500
9336.000000 0.208000
9337.000000 0.207500
9338.000000 0.206900
9339.000000 0.206400
9340.000000 0.205900
9341.000000 0.205400
9342.000000 0.204800
9343.000000 0.204300
9344.000000 0.203800
9345.000000 0.203300
9346.000000 0.202800
9347.000000 0.202200
9348.000000 0.201900
9349.000000 0.201200
9350.000000 0.200700
9351.000000 0.200200
9352.000000 0.199700
9353.000000 0.199100
9354.000000 0.198600
9355.000000 0.198100
9356.000000 0.198200
9357.000000 0.198300
9358.000000 0.198400
9359.000000 0.198500
9360.000000 0.198600
9361.000000 0.198700
9362.000000 0.199000
9363.000000 0.198800
9364.000000 0.198900
9365.000000 0.199000
9366.000000 0.199300
9367.000000 0.199200
9368.000000 0.199200
9369.000000 0.199300
9370.000000 0.199600
9371.000000 0.199500
9372.000000 0.199600
9373.000000 0.199600
9374.000000 0.199900
9375.000000 0.199800
9376.000000 0.199900
9377.000000 0.199900
9378.000000 0.200000
9379.000000 0.200100
9380.000000 0.200200
9381.000000 0.200400
9382.000000 0.200600
9383.000000 0.200800
9384.000000 0.201000
9385.000000 0.201200
9386.000000 0.201400
9387.000000 0.201600
9388.000000 0.201800
9389.000000 0.202000
9390.000000 0.202200
9391.000000 0.202300
9392.000000 0.202500
9393.000000 0.202700
9394.000000 0.202900
9395.000000 0.203100
9396.000000 0.203300
9397.000000 0.203400
9398.000000 0.203600
9399.000000 0.203800
9400.000000 0.204000
9401.000000 0.204200
9402.000000 0.204600
9403.000000 0.204600
9404.000000 0.204800
9405.000000 0.205000
9406.000000 0.204800
9407.000000 0.204600
9408.000000 0.204400
9409.000000 0.204100
9410.000000 0.203900
9411.000000 0.203900
9412.000000 0.203700
9413.000000 0.203400
9414.000000 0.203200
9415.000000 0.203000
9416.000000 0.202800
9417.000000 0.202500
9418.000000 0.202100
9419.000000 0.202100
9420.000000 0.201900
9421.000000 0.201600
9422.000000 0.201200
9423.000000 0.201200
9424.000000 0.201000
9425.000000 0.200700
9426.000000 0.200500
9427.000000 0.200300
9428.000000 0.200000
9429.000000 0.199800
9430.000000 0.199600
9431.000000 0.199000
9432.000000 0.198500
9433.000000 0.197900
9434.000000 0.197400
9435.000000 0.196800
9436.000000 0.196300
9437.000000 0.195800
9438.000000 0.195200
9439.000000 0.194700
9440.000000 0.193900
9441.000000 0.193600
9442.000000 0.193000
9443.000000 0.192500
9444.000000 0.191800
9445.000000 0.191400
9446.000000 0.190900
9447.000000 0.190300
9448.000000 0.189800
9449.000000 0.189300
9450.000000 0.188700
9451.000000 0.188200
9452.000000 0.187600
9453.000000 0.187100
9454.000000 0.186600
9455.000000 0.186000
9456.000000 0.185900
9457.000000 0.185800
9458.000000 0.185700
9459.000000 0.185600
9460.000000 0.185500
9461.000000 0.185400
9462.000000 0.185300
9463.000000 0.185100
9464.000000 0.185000
9465.000000 0.184900
9466.000000 0.184800
9467.000000 0.184700
9468.000000 0.184600
9469.000000 0.184500
9470.000000 0.184400
9471.000000 0.184200
9472.000000 0.184100
9473.000000 0.184000
9474.000000 0.183900
9475.000000 0.183800
9476.000000 0.183700
9477.000000 0.183500
9478.000000 0.183400
9479.000000 0.183300
9480.000000 0.183200
9481.000000 0.183200
9482.000000 0.183200
9483.000000 0.183200
9484.000000 0.183100
9485.000000 0.183100
9486.000000 0.183100
9487.000000 0.183100
9488.000000 0.183100
9489.000000 0.183100
9490.000000 0.183100
9491.000000 0.183100
9492.000000 0.183100
9493.000000 0.183100
9494.000000 0.183000
9495.000000 0.183000
9496.000000 0.183000
9497.000000 0.183000
9498.000000 0.183000
9499.000000 0.183000
9500.000000 0.183000
9501.000000 0.182900
9502.000000 0.182900
9503.000000 0.182900
9504.000000 0.182800
9505.000000 0.182800
9506.000000 0.182500
9507.000000 0.182200
9508.000000 0.181900
9509.000000 0.181500
9510.000000 0.181200
9511.000000 0.180900
9512.000000 0.180600
9513.000000 0.180300
9514.000000 0.180000
9515.000000 0.179600
9516.000000 0.179300
9517.000000 0.179000
9518.000000 0.178700
9519.000000 0.178400
9520.000000 0.178100
9521.000000 0.177800
9522.000000 0.177400
9523.000000 0.177100
9524.000000 0.176800
9525.000000 0.176500
9526.000000 0.176200
9527.000000 0.175900
9528.000000 0.175600
9529.000000 0.175300
9530.000000 0.174900
9531.000000 0.174800
9532.000000 0.174700
9533.000000 0.174500
9534.000000 0.174400
9535.000000 0.174200
9536.000000 0.174100
9537.000000 0.173900
9538.000000 0.173800
9539.000000 0.173600
9540.000000 0.173700
9541.000000 0.173300
9542.000000 0.173200
9543.000000 0.173000
9544.000000 0.172900
9545.000000 0.172700
9546.000000 0.172600
9547.000000 0.172400
9548.000000 0.172300
9549.000000 0.172100
9550.000000 0.172000
9551.000000 0.171800
9552.000000 0.171700
9553.000000 0.171500
9554.000000 0.171400
9555.000000 0.171200
9556.000000 0.171300
9557.000000 0.171400
9558.000000 0.171400
9559.000000 0.171500
9560.000000 0.171600
9561.000000 0.171600
9562.000000 0.171700
9563.000000 0.171800
9564.000000 0.172000
9565.000000 0.171900
9566.000000 0.171900
9567.000000 0.172000
9568.000000 0.172200
9569.000000 0.172100
9570.000000 0.172200
9571.000000 0.172200
9572.000000 0.172500
9573.000000 0.172300
9574.000000 0.172400
9575.000000 0.172600
9576.000000 0.172700
9577.000000 0.172700
9578.000000 0.172800
9579.000000 0.172800
9580.000000 0.172900
9581.000000 0.172900
9582.000000 0.172900
9583.000000 0.172900
9584.000000 0.173000
9585.000000 0.173000
9586.000000 0.173000
9587.000000 0.173100
9588.000000 0.173100
9589.000000 0.173100
9590.000000 0.173100
9591.000000 0.173100
9592.000000 0.173000
9593.000000 0.173200
9594.000000 0.173200
9595.000000 0.173200
9596.000000 0.173100
9597.000000 0.173300
9598.000000 0.173300
9599.000000 0.173300
9600.000000 0.173300
9601.000000 0.173300
9602.000000 0.173300
9603.000000 0.173300
9604.000000 0.173300
9605.000000 0.173300
9606.000000 0.173200
9607.000000 0.173400
9608.000000 0.173500
9609.000000 0.173400
9610.000000 0.173400
9611.000000 0.173400
9612.000000 0.173700
9613.000000 0.173500
9614.000000 0.173600
9615.000000 0.173800
9616.000000 0.173800
9617.000000 0.173900
9618.000000 0.173900
9619.000000 0.173900
9620.000000 0.174000
9621.000000 0.174000
9622.000000 0.174000
9623.000000 0.174100
9624.000000 0.173900
9625.000000 0.174100
9626.000000 0.174200
9627.000000 0.174200
9628.000000 0.174200
9629.000000 0.174200
9630.000000 0.174300
9631.000000 0.174400
9632.000000 0.174400
9633.000000 0.174500
9634.000000 0.174600
9635.000000 0.174700
9636.000000 0.174800
9637.000000 0.174900
9638.000000 0.175000
9639.000000 0.175100
9640.000000 0.175100
9641.000000 0.175200
9642.000000 0.175300
9643.000000 0.175400
9644.000000 0.175500
9645.000000 0.175500
9646.000000 0.175600
9647.000000 0.175700
9648.000000 0.175800
9649.000000 0.175800
9650.000000 0.175900
9651.000000 0.176000
9652.000000 0.176000
9653.000000 0.176100
9654.000000 0.176200
9655.000000 0.176200
9656.000000 0.176200
9657.000000 0.176200
9658.000000 0.176200
9659.000000 0.176200
9660.000000 0.176200
9661.000000 0.176200
9662.000000 0.176200
9663.000000 0.176200
9664.000000 0.176200
9665.000000 0.176100
9666.000000 0.176100
9667.000000 0.176100
9668.000000 0.176100
9669.000000 0.176100
9670.000000 0.176100
9671.000000 0.176100
9672.000000 0.176000
9673.000000 0.176000
9674.000000 0.176000
9675.000000 0.176000
9676.000000 0.175900
9677.000000 0.175900
9678.000000 0.175900
9679.000000 0.175900
9680.000000 0.175800
9681.000000 0.175600
9682.000000 0.175300
9683.000000 0.175100
9684.000000 0.174900
9685.000000 0.174600
9686.000000 0.174400
9687.000000 0.174100
9688.000000 0.173900
9689.000000 0.173600
9690.000000 0.173400
9691.000000 0.173100
9692.000000 0.172900
9693.000000 0.172600
9694.000000 0.172400
9695.000000 0.172100
9696.000000 0.171900
9697.000000 0.171600
9698.000000 0.171400
9699.000000 0.171100
9700.000000 0.170900
9701.000000 0.170700
9702.000000 0.170500
9703.000000 0.170200
9704.000000 0.170000
9705.000000 0.169800
9706.000000 0.169400
9707.000000 0.168900
9708.000000 0.168500
9709.000000 0.168100
9710.000000 0.167600
9711.000000 0.167200
9712.000000 0.166800
9713.000000 0.166300
9714.000000 0.165900
9715.000000 0.165500
9716.000000 0.165000
9717.000000 0.164600
9718.000000 0.164200
9719.000000 0.163800
9720.000000 0.163300
9721.000000 0.162900
9722.000000 0.162500
9723.000000 0.162000
9724.000000 0.161600
9725.000000 0.161200
9726.000000 0.160800
9727.000000 0.160300
9728.000000 0.159900
9729.000000 0.159500
9730.000000 0.159100
9731.000000 0.158700
9732.000000 0.158300
9733.000000 0.158000
9734.000000 0.157600
9735.000000 0.157300
9736.000000 0.156900
9737.000000 0.156500
9738.000000 0.156300
9739.000000 0.155800
9740.000000 0.155400
9741.000000 0.155100
9742.000000 0.154700
9743.000000 0.154400
9744.000000 0.154000
9745.000000 0.153600
9746.000000 0.153400
9747.000000 0.152900
9748.000000 0.152500
9749.000000 0.152200
9750.000000 0.152000
9751.000000 0.151600
9752.000000 0.151300
9753.000000 0.150900
9754.000000 0.150400
9755.000000 0.150200
9756.000000 0.150000
9757.000000 0.149700
9758.000000 0.149400
9759.000000 0.149300
9760.000000 0.149100
9761.000000 0.148900
9762.000000 0.148500
9763.000000 0.148300
9764.000000 0.148200
9765.000000 0.148000
9766.000000 0.147600
9767.000000 0.147400
9768.000000 0.147200
9769.000000 0.147100
9770.000000 0.146900
9771.000000 0.146700
9772.000000 0.146300
9773.000000 0.146200
9774.000000 0.146000
9775.000000 0.145800
9776.000000 0.145400
9777.000000 0.145300
9778.000000 0.145100
9779.000000 0.144900
9780.000000 0.144500
9781.000000 0.144500
9782.000000 0.144300
9783.000000 0.144200
9784.000000 0.143900
9785.000000 0.143900
9786.000000 0.143700
9787.000000 0.143600
9788.000000 0.143400
9789.000000 0.143300
9790.000000 0.143100
9791.000000 0.143000
9792.000000 0.142800
9793.000000 0.142600
9794.000000 0.142500
9795.000000 0.142300
9796.000000 0.142200
9797.000000 0.142000
9798.000000 0.141700
9799.000000 0.141500
9800.000000 0.141400
9801.000000 0.141200
9802.000000 0.141100
9803.000000 0.141000
9804.000000 0.140900
9805.000000 0.140700
9806.000000 0.140600
9807.000000 0.140500
9808.000000 0.140400
9809.000000 0.140200
9810.000000 0.140100
9811.000000 0.140000
9812.000000 0.139900
9813.000000 0.139700
9814.000000 0.139600
9815.000000 0.139500
9816.000000 0.139400
9817.000000 0.139300
9818.000000 0.139100
9819.000000 0.139000
9820.000000 0.138900
9821.000000 0.138700
9822.000000 0.138600
9823.000000 0.138600
9824.000000 0.138500
9825.000000 0.138400
9826.000000 0.138200
9827.000000 0.138100
9828.000000 0.138000
9829.000000 0.137800
9830.000000 0.137700
9831.000000 0.137500
9832.000000 0.137300
9833.000000 0.137200
9834.000000 0.137000
9835.000000 0.136800
9836.000000 0.136600
9837.000000 0.136400
9838.000000 0.136200
9839.000000 0.136000
9840.000000 0.135900
9841.000000 0.135700
9842.000000 0.135500
9843.000000 0.135300
9844.000000 0.135100
9845.000000 0.134900
9846.000000 0.134700
9847.000000 0.134500
9848.000000 0.134400
9849.000000 0.134200
9850.000000 0.134000
9851.000000 0.133800
9852.000000 0.133600
9853.000000 0.133400
9854.000000 0.133200
9855.000000 0.133000
9856.000000 0.132700
9857.000000 0.132500
9858.000000 0.132200
9859.000000 0.131900
9860.000000 0.131700
9861.000000 0.131400
9862.000000 0.131100
9863.000000 0.130800
9864.000000 0.130600
9865.000000 0.130300
9866.000000 0.130000
9867.000000 0.129700
9868.000000 0.129500
9869.000000 0.129200
9870.000000 0.128900
9871.000000 0.128600
9872.000000 0.128300
9873.000000 0.128100
9874.000000 0.127800
9875.000000 0.127500
9876.000000 0.127200
9877.000000 0.127000
9878.000000 0.126700
9879.000000 0.126400
9880.000000 0.126100
9881.000000 0.125900
9882.000000 0.125600
9883.000000 0.125300
9884.000000 0.125000
9885.000000 0.124700
9886.000000 0.124400
9887.000000 0.124200
9888.000000 0.123900
9889.000000 0.123600
9890.000000 0.123300
9891.000000 0.123000
9892.000000 0.122700
9893.000000 0.122400
9894.000000 0.122200
9895.000000 0.121900
9896.000000 0.121600
9897.000000 0.121300
9898.000000 0.121000
9899.000000 0.120700
9900.000000 0.120500
9901.000000 0.120200
9902.000000 0.119900
9903.000000 0.119600
9904.000000 0.119400
9905.000000 0.119100
9906.000000 0.118800
9907.000000 0.118600
9908.000000 0.118300
9909.000000 0.118000
9910.000000 0.117800
9911.000000 0.117500
9912.000000 0.117200
9913.000000 0.117000
9914.000000 0.116700
9915.000000 0.116400
9916.000000 0.116100
9917.000000 0.115900
9918.000000 0.115600
9919.000000 0.115300
9920.000000 0.115100
9921.000000 0.114800
9922.000000 0.114500
9923.000000 0.114300
9924.000000 0.114000
9925.000000 0.113700
9926.000000 0.113500
9927.000000 0.113200
9928.000000 0.112900
9929.000000 0.112700
9930.000000 0.112400
9931.000000 0.112100
9932.000000 0.111800
9933.000000 0.111600
9934.000000 0.111300
9935.000000 0.111000
9936.000000 0.110800
9937.000000 0.110500
9938.000000 0.110200
9939.000000 0.110000
9940.000000 0.109700
9941.000000 0.109400
9942.000000 0.109200
9943.000000 0.108900
9944.000000 0.108600
9945.000000 0.108400
9946.000000 0.108100
9947.000000 0.107800
9948.000000 0.107600
9949.000000 0.107300
9950.000000 0.107000
9951.000000 0.106800
9952.000000 0.106500
9953.000000 0.106200
9954.000000 0.106000
9955.000000 0.105700
9956.000000 0.105400
9957.000000 0.105200
9958.000000 0.104900
9959.000000 0.104600
9960.000000 0.104400
9961.000000 0.104100
9962.000000 0.103800
9963.000000 0.103600
9964.000000 0.103300
9965.000000 0.103000
9966.000000 0.102800
9967.000000 0.102500
9968.000000 0.102200
9969.000000 0.102000
9970.000000 0.101700
9971.000000 0.101400
9972.000000 0.101200
9973.000000 0.100900
9974.000000 0.100600
9975.000000 0.100400
9976.000000 0.100100
9977.000000 0.099800
9978.000000 0.099600
9979.000000 0.099300
9980.000000 0.099000
9981.000000 0.098800
9982.000000 0.098500
9983.000000 0.098200
9984.000000 0.098000
9985.000000 0.097700
9986.000000 0.097400
9987.000000 0.097200
9988.000000 0.096900
9989.000000 0.096600
9990.000000 0.096400
9991.000000 0.096100
9992.000000 0.095800
9993.000000 0.095500
9994.000000 0.095300
9995.000000 0.095000
9996.000000 0.094700
9997.000000 0.094500
9998.000000 0.094200
9999.000000 0.093900
10000.000000 0.093700
10001.000000 0.093400
10002.000000 0.093200
10003.000000 0.092900
10004.000000 0.092700
10005.000000 0.092500
10006.000000 0.092200
10007.000000 0.092000
10008.000000 0.091800
10009.000000 0.091500
10010.000000 0.091300
10011.000000 0.091100
10012.000000 0.090800
10013.000000 0.090600
10014.000000 0.090400
10015.000000 0.090100
10016.000000 0.089900
10017.000000 0.089600
10018.000000 0.089400
10019.000000 0.089200
10020.000000 0.088900
10021.000000 0.088700
10022.000000 0.088500
10023.000000 0.088200
10024.000000 0.088000
10025.000000 0.087800
10026.000000 0.087500
10027.000000 0.087300
10028.000000 0.087100
10029.000000 0.086800
10030.000000 0.086600
10031.000000 0.086400
10032.000000 0.086100
10033.000000 0.085900
10034.000000 0.085700
10035.000000 0.085400
10036.000000 0.085200
10037.000000 0.085000
10038.000000 0.084700
10039.000000 0.084500
10040.000000 0.084200
10041.000000 0.084000
10042.000000 0.083800
10043.000000 0.083500
10044.000000 0.083300
10045.000000 0.083100
10046.000000 0.082800
10047.000000 0.082600
10048.000000 0.082400
10049.000000 0.082100
10050.000000 0.081900
10051.000000 0.081700
10052.000000 0.081400
10053.000000 0.081200
10054.000000 0.081000
10055.000000 0.080700
10056.000000 0.080500
10057.000000 0.080300
10058.000000 0.080000
10059.000000 0.079800
10060.000000 0.079600
10061.000000 0.079300
10062.000000 0.079100
10063.000000 0.078900
10064.000000 0.078600
10065.000000 0.078400
10066.000000 0.078200
10067.000000 0.078000
10068.000000 0.077700
10069.000000 0.077500
10070.000000 0.077300
10071.000000 0.077000
10072.000000 0.076800
10073.000000 0.076600
10074.000000 0.076300
10075.000000 0.076100
10076.000000 0.075900
10077.000000 0.075600
10078.000000 0.075400
10079.000000 0.075200
10080.000000 0.074900
10081.000000 0.074700
10082.000000 0.074500
10083.000000 0.074200
10084.000000 0.074000
10085.000000 0.073800
10086.000000 0.073600
10087.000000 0.073300
10088.000000 0.073100
10089.000000 0.072900
10090.000000 0.072600
10091.000000 0.072400
10092.000000 0.072200
10093.000000 0.071900
10094.000000 0.071700
10095.000000 0.071500
10096.000000 0.071200
10097.000000 0.071000
10098.000000 0.070800
10099.000000 0.070600
10100.000000 0.070300
10101.000000 0.070100
10102.000000 0.069900
10103.000000 0.069700
10104.000000 0.069600
10105.000000 0.069400
10106.000000 0.069200
10107.000000 0.069000
10108.000000 0.068800
10109.000000 0.068600
10110.000000 0.068400
10111.000000 0.068200
10112.000000 0.068000
10113.000000 0.067800
10114.000000 0.067600
10115.000000 0.067500
10116.000000 0.067300
10117.000000 0.067100
10118.000000 0.066900
10119.000000 0.066700
10120.000000 0.066500
10121.000000 0.066300
10122.000000 0.066100
10123.000000 0.065900
10124.000000 0.065700
10125.000000 0.065600
10126.000000 0.065400
10127.000000 0.065200
10128.000000 0.065000
10129.000000 0.064800
10130.000000 0.064600
10131.000000 0.064400
10132.000000 0.064200
10133.000000 0.064000
10134.000000 0.063800
10135.000000 0.063700
10136.000000 0.063500
10137.000000 0.063300
10138.000000 0.063100
10139.000000 0.062900
10140.000000 0.062700
10141.000000 0.062500
10142.000000 0.062300
10143.000000 0.062100
10144.000000 0.061900
10145.000000 0.061800
10146.000000 0.061600
10147.000000 0.061400
10148.000000 0.061200
10149.000000 0.061000
10150.000000 0.060800
10151.000000 0.060600
10152.000000 0.060400
10153.000000 0.060200
10154.000000 0.060100
10155.000000 0.059900
10156.000000 0.059700
10157.000000 0.059500
10158.000000 0.059300
10159.000000 0.059100
10160.000000 0.058900
10161.000000 0.058700
10162.000000 0.058600
10163.000000 0.058400
10164.000000 0.058200
10165.000000 0.058000
10166.000000 0.057800
10167.000000 0.057600
10168.000000 0.057400
10169.000000 0.057200
10170.000000 0.057000
10171.000000 0.056900
10172.000000 0.056700
10173.000000 0.056500
10174.000000 0.056300
10175.000000 0.056100
10176.000000 0.055900
10177.000000 0.055700
10178.000000 0.055500
10179.000000 0.055400
10180.000000 0.055200
10181.000000 0.055000
10182.000000 0.054800
10183.000000 0.054600
10184.000000 0.054400
10185.000000 0.054200
10186.000000 0.054100
10187.000000 0.053900
10188.000000 0.053700
10189.000000 0.053500
10190.000000 0.053300
10191.000000 0.053100
10192.000000 0.052900
10193.000000 0.052700
10194.000000 0.052600
10195.000000 0.052400
10196.000000 0.052200
10197.000000 0.052000
10198.000000 0.051800
10199.000000 0.051600
10200.000000 0.051400
10201.000000 0.051300
10202.000000 0.051100
10203.000000 0.051000
10204.000000 0.050800
10205.000000 0.050700
10206.000000 0.050500
10207.000000 0.050400
10208.000000 0.050300
10209.000000 0.050100
10210.000000 0.050000
10211.000000 0.049800
10212.000000 0.049700
10213.000000 0.049500
10214.000000 0.049400
10215.000000 0.049200
10216.000000 0.049100
10217.000000 0.048900
10218.000000 0.048800
10219.000000 0.048600
10220.000000 0.048500
10221.000000 0.048300
10222.000000 0.048200
10223.000000 0.048000
10224.000000 0.047900
10225.000000 0.047800
10226.000000 0.047600
10227.000000 0.047500
10228.000000 0.047300
10229.000000 0.047200
10230.000000 0.047000
10231.000000 0.046900
10232.000000 0.046700
10233.000000 0.046600
10234.000000 0.046400
10235.000000 0.046300
10236.000000 0.046100
10237.000000 0.046000
10238.000000 0.045800
10239.000000 0.045700
10240.000000 0.045600
10241.000000 0.045400
10242.000000 0.045300
10243.000000 0.045100
10244.000000 0.045000
10245.000000 0.044800
10246.000000 0.044700
10247.000000 0.044500
10248.000000 0.044400
10249.000000 0.044200
10250.000000 0.044100
10251.000000 0.044000
10252.000000 0.043800
10253.000000 0.043700
10254.000000 0.043500
10255.000000 0.043400
10256.000000 0.043200
10257.000000 0.043100
10258.000000 0.042900
10259.000000 0.042800
10260.000000 0.042600
10261.000000 0.042500
10262.000000 0.042300
10263.000000 0.042200
10264.000000 0.042100
10265.000000 0.041900
10266.000000 0.041800
10267.000000 0.041600
10268.000000 0.041500
10269.000000 0.041300
10270.000000 0.041200
10271.000000 0.041000
10272.000000 0.040900
10273.000000 0.040700
10274.000000 0.040600
10275.000000 0.040500
10276.000000 0.040300
10277.000000 0.040200
10278.000000 0.040000
10279.000000 0.039900
10280.000000 0.039700
10281.000000 0.039600
10282.000000 0.039400
10283.000000 0.039300
10284.000000 0.039200
10285.000000 0.039000
10286.000000 0.038900
10287.000000 0.038700
10288.000000 0.038600
10289.000000 0.038400
10290.000000 0.038300
10291.000000 0.038100
10292.000000 0.038000
10293.000000 0.037800
10294.000000 0.037700
10295.000000 0.037600
10296.000000 0.037400
10297.000000 0.037300
10298.000000 0.037100
10299.000000 0.037000
10300.000000 0.036800
10301.000000 0.036700
10302.000000 0.036600
10303.000000 0.036500
10304.000000 0.036400
10305.000000 0.036200
10306.000000 0.036100
10307.000000 0.036000
10308.000000 0.035900
10309.000000 0.035800
10310.000000 0.035600
10311.000000 0.035500
10312.000000 0.035400
10313.000000 0.035300
10314.000000 0.035200
10315.000000 0.035100
10316.000000 0.034900
10317.000000 0.034800
10318.000000 0.034700
10319.000000 0.034600
10320.000000 0.034400
10321.000000 0.034300
10322.000000 0.034200
10323.000000 0.034100
10324.000000 0.034000
10325.000000 0.033900
10326.000000 0.033800
10327.000000 0.033600
10328.000000 0.033500
10329.000000 0.033400
10330.000000 0.033300
10331.000000 0.033100
10332.000000 0.033000
10333.000000 0.032900
10334.000000 0.032800
10335.000000 0.032700
10336.000000 0.032600
10337.000000 0.032400
10338.000000 0.032300
10339.000000 0.032200
10340.000000 0.032100
10341.000000 0.032000
10342.000000 0.031800
10343.000000 0.031700
10344.000000 0.031600
10345.000000 0.031500
10346.000000 0.031400
10347.000000 0.031300
10348.000000 0.031100
10349.000000 0.031000
10350.000000 0.030900
10351.000000 0.030800
10352.000000 0.030700
10353.000000 0.030600
10354.000000 0.030400
10355.000000 0.030300
10356.000000 0.030200
10357.000000 0.030100
10358.000000 0.030000
10359.000000 0.029800
10360.000000 0.029700
10361.000000 0.029600
10362.000000 0.029500
10363.000000 0.029400
10364.000000 0.029300
10365.000000 0.029100
10366.000000 0.029000
10367.000000 0.028900
10368.000000 0.028800
10369.000000 0.028700
10370.000000 0.028600
10371.000000 0.028400
10372.000000 0.028300
10373.000000 0.028200
10374.000000 0.028100
10375.000000 0.028000
10376.000000 0.027900
10377.000000 0.027700
10378.000000 0.027600
10379.000000 0.027500
10380.000000 0.027400
10381.000000 0.027300
10382.000000 0.027200
10383.000000 0.027000
10384.000000 0.026900
10385.000000 0.026800
10386.000000 0.026700
10387.000000 0.026600
10388.000000 0.026500
10389.000000 0.026400
10390.000000 0.026200
10391.000000 0.026100
10392.000000 0.026000
10393.000000 0.025900
10394.000000 0.025800
10395.000000 0.025700
10396.000000 0.025500
10397.000000 0.025400
10398.000000 0.025300
10399.000000 0.025200
10400.000000 0.025100
10401.000000 0.025000
10402.000000 0.024900
10403.000000 0.024800
10404.000000 0.024700
10405.000000 0.024600
10406.000000 0.024500
10407.000000 0.024400
10408.000000 0.024400
10409.000000 0.024300
10410.000000 0.024200
10411.000000 0.024100
10412.000000 0.024000
10413.000000 0.023900
10414.000000 0.023800
10415.000000 0.023700
10416.000000 0.023600
10417.000000 0.023500
10418.000000 0.023500
10419.000000 0.023400
10420.000000 0.023300
10421.000000 0.023200
10422.000000 0.023100
10423.000000 0.023000
10424.000000 0.022900
10425.000000 0.022800
10426.000000 0.022700
10427.000000 0.022600
10428.000000 0.022600
10429.000000 0.022500
10430.000000 0.022400
10431.000000 0.022300
10432.000000 0.022200
10433.000000 0.022100
10434.000000 0.022000
10435.000000 0.021900
10436.000000 0.021800
10437.000000 0.021700
10438.000000 0.021700
10439.000000 0.021600
10440.000000 0.021500
10441.000000 0.021400
10442.000000 0.021300
10443.000000 0.021200
10444.000000 0.021100
10445.000000 0.021000
10446.000000 0.020900
10447.000000 0.020800
10448.000000 0.020800
10449.000000 0.020700
10450.000000 0.020600
10451.000000 0.020500
10452.000000 0.020400
10453.000000 0.020300
10454.000000 0.020200
10455.000000 0.020100
10456.000000 0.020000
10457.000000 0.019900
10458.000000 0.019900
10459.000000 0.019800
10460.000000 0.019700
10461.000000 0.019600
10462.000000 0.019500
10463.000000 0.019400
10464.000000 0.019300
10465.000000 0.019200
10466.000000 0.019100
10467.000000 0.019100
10468.000000 0.019000
10469.000000 0.018900
10470.000000 0.018800
10471.000000 0.018700
10472.000000 0.018600
10473.000000 0.018500
10474.000000 0.018400
10475.000000 0.018300
10476.000000 0.018200
10477.000000 0.018200
10478.000000 0.018100
10479.000000 0.018000
10480.000000 0.017900
10481.000000 0.017800
10482.000000 0.017700
10483.000000 0.017600
10484.000000 0.017500
10485.000000 0.017400
10486.000000 0.017300
10487.000000 0.017300
10488.000000 0.017200
10489.000000 0.017100
10490.000000 0.017000
10491.000000 0.016900
10492.000000 0.016800
10493.000000 0.016700
10494.000000 0.016600
10495.000000 0.016600
10496.000000 0.016500
10497.000000 0.016400
10498.000000 0.016300
10499.000000 0.016200
10500.000000 0.016100
10501.000000 0.016100
10502.000000 0.016000
10503.000000 0.015900
10504.000000 0.015900
10505.000000 0.015800
10506.000000 0.015700
10507.000000 0.015700
10508.000000 0.015600
10509.000000 0.015600
10510.000000 0.015500
10511.000000 0.015400
10512.000000 0.015400
10513.000000 0.015300
10514.000000 0.015200
10515.000000 0.015200
10516.000000 0.015100
10517.000000 0.015100
10518.000000 0.015000
10519.000000 0.014900
10520.000000 0.014900
10521.000000 0.014800
10522.000000 0.014800
10523.000000 0.014700
10524.000000 0.014600
10525.000000 0.014600
10526.000000 0.014500
10527.000000 0.014400
10528.000000 0.014400
10529.000000 0.014300
10530.000000 0.014300
10531.000000 0.014200
10532.000000 0.014100
10533.000000 0.014100
10534.000000 0.014000
10535.000000 0.013900
10536.000000 0.013900
10537.000000 0.013800
10538.000000 0.013800
10539.000000 0.013700
10540.000000 0.013600
10541.000000 0.013600
10542.000000 0.013500
10543.000000 0.013400
10544.000000 0.013400
10545.000000 0.013300
10546.000000 0.013300
10547.000000 0.013200
10548.000000 0.013100
10549.000000 0.013100
10550.000000 0.013000
10551.000000 0.013000
10552.000000 0.012900
10553.000000 0.012800
10554.000000 0.012800
10555.000000 0.012700
10556.000000 0.012600
10557.000000 0.012600
10558.000000 0.012500
10559.000000 0.012500
10560.000000 0.012400
10561.000000 0.012300
10562.000000 0.012300
10563.000000 0.012200
10564.000000 0.012100
10565.000000 0.012100
10566.000000 0.012000
10567.000000 0.012000
10568.000000 0.011900
10569.000000 0.011800
10570.000000 0.011800
10571.000000 0.011700
10572.000000 0.011600
10573.000000 0.011600
10574.000000 0.011500
10575.000000 0.011500
10576.000000 0.011400
10577.000000 0.011300
10578.000000 0.011300
10579.000000 0.011200
10580.000000 0.011200
10581.000000 0.011100
10582.000000 0.011000
10583.000000 0.011000
10584.000000 0.010900
10585.000000 0.010800
10586.000000 0.010800
10587.000000 0.010700
10588.000000 0.010700
10589.000000 0.010600
10590.000000 0.010500
10591.000000 0.010500
10592.000000 0.010400
10593.000000 0.010300
10594.000000 0.010300
10595.000000 0.010200
10596.000000 0.010200
10597.000000 0.010100
10598.000000 0.010000
10599.000000 0.010000
10600.000000 0.009900
10601.000000 0.009900
10602.000000 0.009800
10603.000000 0.009800
10604.000000 0.009700
10605.000000 0.009700
10606.000000 0.009700
10607.000000 0.009600
10608.000000 0.009600
10609.000000 0.009500
10610.000000 0.009500
10611.000000 0.009400
10612.000000 0.009400
10613.000000 0.009300
10614.000000 0.009300
10615.000000 0.009300
10616.000000 0.009200
10617.000000 0.009200
10618.000000 0.009100
10619.000000 0.009100
10620.000000 0.009000
10621.000000 0.009000
10622.000000 0.009000
10623.000000 0.008900
10624.000000 0.008900
10625.000000 0.008800
10626.000000 0.008800
10627.000000 0.008700
10628.000000 0.008700
10629.000000 0.008700
10630.000000 0.008600
10631.000000 0.008600
10632.000000 0.008500
10633.000000 0.008500
10634.000000 0.008400
10635.000000 0.008400
10636.000000 0.008300
10637.000000 0.008300
10638.000000 0.008300
10639.000000 0.008200
10640.000000 0.008200
10641.000000 0.008100
10642.000000 0.008100
10643.000000 0.008000
10644.000000 0.008000
10645.000000 0.008000
10646.000000 0.007900
10647.000000 0.007900
10648.000000 0.007800
10649.000000 0.007800
10650.000000 0.007700
10651.000000 0.007700
10652.000000 0.007700
10653.000000 0.007600
10654.000000 0.007600
10655.000000 0.007500
10656.000000 0.007500
10657.000000 0.007400
10658.000000 0.007400
10659.000000 0.007400
10660.000000 0.007300
10661.000000 0.007300
10662.000000 0.007200
10663.000000 0.007200
10664.000000 0.007100
10665.000000 0.007100
10666.000000 0.007000
10667.000000 0.007000
10668.000000 0.007000
10669.000000 0.006900
10670.000000 0.006900
10671.000000 0.006800
10672.000000 0.006800
10673.000000 0.006700
10674.000000 0.006700
10675.000000 0.006700
10676.000000 0.006600
10677.000000 0.006600
10678.000000 0.006500
10679.000000 0.006500
10680.000000 0.006400
10681.000000 0.006400
10682.000000 0.006400
10683.000000 0.006300
10684.000000 0.006300
10685.000000 0.006200
10686.000000 0.006200
10687.000000 0.006100
10688.000000 0.006100
10689.000000 0.006100
10690.000000 0.006000
10691.000000 0.006000
10692.000000 0.005900
10693.000000 0.005900
10694.000000 0.005800
10695.000000 0.005800
10696.000000 0.005700
10697.000000 0.005700
10698.000000 0.005700
10699.000000 0.005600
10700.000000 0.005600
10701.000000 0.005500
10702.000000 0.005500
10703.000000 0.005500
10704.000000 0.005500
10705.000000 0.005500
10706.000000 0.005400
10707.000000 0.005400
10708.000000 0.005400
10709.000000 0.005400
10710.000000 0.005300
10711.000000 0.005300
10712.000000 0.005300
10713.000000 0.005300
10714.000000 0.005200
10715.000000 0.005200
10716.000000 0.005200
10717.000000 0.005200
10718.000000 0.005100
10719.000000 0.005100
10720.000000 0.005100
10721.000000 0.005100
10722.000000 0.005000
10723.000000 0.005000
10724.000000 0.005000
10725.000000 0.005000
10726.000000 0.004900
10727.000000 0.004900
10728.000000 0.004900
10729.000000 0.004900
10730.000000 0.004800
10731.000000 0.004800
10732.000000 0.004800
10733.000000 0.004800
10734.000000 0.004700
10735.000000 0.004700
10736.000000 0.004700
10737.000000 0.004700
10738.000000 0.004600
10739.000000 0.004600
10740.000000 0.004600
10741.000000 0.004600
10742.000000 0.004500
10743.000000 0.004500
10744.000000 0.004500
10745.000000 0.004500
10746.000000 0.004400
10747.000000 0.004400
10748.000000 0.004400
10749.000000 0.004400
10750.000000 0.004300
10751.000000 0.004300
10752.000000 0.004300
10753.000000 0.004300
10754.000000 0.004200
10755.000000 0.004200
10756.000000 0.004200
10757.000000 0.004200
10758.000000 0.004100
10759.000000 0.004100
10760.000000 0.004100
10761.000000 0.004100
10762.000000 0.004000
10763.000000 0.004000
10764.000000 0.004000
10765.000000 0.004000
10766.000000 0.003900
10767.000000 0.003900
10768.000000 0.003900
10769.000000 0.003900
10770.000000 0.003800
10771.000000 0.003800
10772.000000 0.003800
10773.000000 0.003800
10774.000000 0.003700
10775.000000 0.003700
10776.000000 0.003700
10777.000000 0.003700
10778.000000 0.003600
10779.000000 0.003600
10780.000000 0.003600
10781.000000 0.003600
10782.000000 0.003500
10783.000000 0.003500
10784.000000 0.003500
10785.000000 0.003500
10786.000000 0.003400
10787.000000 0.003400
10788.000000 0.003400
10789.000000 0.003400
10790.000000 0.003300
10791.000000 0.003300
10792.000000 0.003300
10793.000000 0.003300
10794.000000 0.003200
10795.000000 0.003200
10796.000000 0.003200
10797.000000 0.003200
10798.000000 0.003200
10799.000000 0.003100
10800.000000 0.003100
10801.000000 0.003100
10802.000000 0.003100
10803.000000 0.003100
10804.000000 0.003100
10805.000000 0.003000
10806.000000 0.003000
10807.000000 0.003000
10808.000000 0.003000
10809.000000 0.003000
10810.000000 0.003000
10811.000000 0.003000
10812.000000 0.003000
10813.000000 0.002900
10814.000000 0.002900
10815.000000 0.002900
10816.000000 0.002900
10817.000000 0.002900
10818.000000 0.002900
10819.000000 0.002900
10820.000000 0.002900
10821.000000 0.002800
10822.000000 0.002800
10823.000000 0.002800
10824.000000 0.002800
10825.000000 0.002800
10826.000000 0.002800
10827.000000 0.002800
10828.000000 0.002800
10829.000000 0.002700
10830.000000 0.002700
10831.000000 0.002700
10832.000000 0.002700
10833.000000 0.002700
10834.000000 0.002700
10835.000000 0.002700
10836.000000 0.002700
10837.000000 0.002600
10838.000000 0.002600
10839.000000 0.002600
10840.000000 0.002600
10841.000000 0.002600
10842.000000 0.002600
10843.000000 0.002600
10844.000000 0.002600
10845.000000 0.002500
10846.000000 0.002500
10847.000000 0.002500
10848.000000 0.002500
10849.000000 0.002500
10850.000000 0.002500
10851.000000 0.002500
10852.000000 0.002500
10853.000000 0.002400
10854.000000 0.002400
10855.000000 0.002400
10856.000000 0.002400
10857.000000 0.002400
10858.000000 0.002400
10859.000000 0.002400
10860.000000 0.002400
10861.000000 0.002300
10862.000000 0.002300
10863.000000 0.002300
10864.000000 0.002300
10865.000000 0.002300
10866.000000 0.002300
10867.000000 0.002300
10868.000000 0.002300
10869.000000 0.002200
10870.000000 0.002200
10871.000000 0.002200
10872.000000 0.002200
10873.000000 0.002200
10874.000000 0.002200
10875.000000 0.002200
10876.000000 0.002200
10877.000000 0.002100
10878.000000 0.002100
10879.000000 0.002100
10880.000000 0.002100
10881.000000 0.002100
10882.000000 0.002100
10883.000000 0.002100
10884.000000 0.002100
10885.000000 0.002100
10886.000000 0.002000
10887.000000 0.002000
10888.000000 0.002000
10889.000000 0.002000
10890.000000 0.002000
10891.000000 0.002000
10892.000000 0.002000
10893.000000 0.002000
10894.000000 0.001900
10895.000000 0.001900
10896.000000 0.001900
10897.000000 0.001900
10898.000000 0.001900
10899.000000 0.001900
10900.000000 0.001900
10901.000000 0.001800
10902.000000 0.001800
10903.000000 0.001800
10904.000000 0.001800
10905.000000 0.001800
10906.000000 0.001800
10907.000000 0.001700
10908.000000 0.001700
10909.000000 0.001700
10910.000000 0.001700
10911.000000 0.001700
10912.000000 0.001600
10913.000000 0.001600
10914.000000 0.001600
10915.000000 0.001600
10916.000000 0.001600
10917.000000 0.001500
10918.000000 0.001500
10919.000000 0.001500
10920.000000 0.001500
10921.000000 0.001500
10922.000000 0.001500
10923.000000 0.001400
10924.000000 0.001400
10925.000000 0.001400
10926.000000 0.001400
10927.000000 0.001400
10928.000000 0.001300
10929.000000 0.001300
10930.000000 0.001300
10931.000000 0.001300
10932.000000 0.001300
10933.000000 0.001300
10934.000000 0.001200
10935.000000 0.001200
10936.000000 0.001200
10937.000000 0.001200
10938.000000 0.001200
10939.000000 0.001100
10940.000000 0.001100
10941.000000 0.001100
10942.000000 0.001100
10943.000000 0.001100
10944.000000 0.001000
10945.000000 0.001000
10946.000000 0.001000
10947.000000 0.001000
10948.000000 0.001000
10949.000000 0.001000
10950.000000 0.000900
10951.000000 0.000900
10952.000000 0.000900
10953.000000 0.000900
10954.000000 0.000900
10955.000000 0.000800
10956.000000 0.000800
10957.000000 0.000800
10958.000000 0.000800
10959.000000 0.000800
10960.000000 0.000700
10961.000000 0.000700
10962.000000 0.000700
10963.000000 0.000700
10964.000000 0.000700
10965.000000 0.000700
10966.000000 0.000600
10967.000000 0.000600
10968.000000 0.000600
10969.000000 0.000600
10970.000000 0.000600
10971.000000 0.000500
10972.000000 0.000500
10973.000000 0.000500
10974.000000 0.000500
10975.000000 0.000500
10976.000000 0.000400
10977.000000 0.000400
10978.000000 0.000400
10979.000000 0.000400
10980.000000 0.000400
10981.000000 0.000400
10982.000000 0.000300
10983.000000 0.000300
10984.000000 0.000300
10985.000000 0.000300
10986.000000 0.000300
10987.000000 0.000200
10988.000000 0.000200
10989.000000 0.000200
10990.000000 0.000200
10991.000000 0.000200
10992.000000 0.000100
10993.000000 0.000100
10994.000000 0.000100
10995.000000 0.000100
10996.000000 0.000100
10997.000000 0.000100
