3844.09 0.00031275138287236
3849.09 0.00048118323899684
3854.09 0.00072888482494692
3859.09 0.0010848218040253
3864.09 0.0015666829675157
3869.09 0.0022182273363198
3874.09 0.0030984250274742
3879.09 0.004260471371228
3884.09 0.005735378422135
3889.09 0.0075766496909567
3894.09 0.0099048829117638
3899.09 0.012794303046742
3904.09 0.016194483418851
3909.09 0.020134325889582
3914.09 0.024674428785324
3919.09 0.029848289113875
3924.09 0.035444969603444
3929.09 0.04134124517516
3934.09 0.047513135434848
3939.09 0.05401843854941
3944.09 0.060599604154566
3949.09 0.067431874989848
3954.09 0.074636970405159
3959.09 0.082100238073222
3964.09 0.0896903303456
3969.09 0.09770576993612
3974.09 0.1062797483418
3979.09 0.1153521565853
3984.09 0.12478472698969
3989.09 0.13411022412894
3994.09 0.14313525337642
3999.09 0.15206897879937
4004.09 0.16076305916735
4009.09 0.16916608973449
4014.09 0.17739691638335
4019.09 0.18518845663193
4024.09 0.19251461852017
4029.09 0.2000440011424
4034.09 0.20782544862817
4039.09 0.21571084584752
4044.09 0.22343598285208
4049.09 0.23068576741735
4054.09 0.23703342075413
4059.09 0.24221118871853
4064.09 0.24584781080532
4069.09 0.24790374986301
4074.09 0.24834552324929
4079.09 0.24710274219199
4084.09 0.24476662180289
4089.09 0.24178604813391
4094.09 0.23869869535767
4099.09 0.23594449874182
4104.09 0.23407405006388
4109.09 0.23334085988808
4114.09 0.23396038772375
4119.09 0.2360262410554
4124.09 0.23950479147411
4129.09 0.24409870594185
4134.09 0.2496886744472
4139.09 0.25618697007643
4144.09 0.2631492470826
4149.09 0.26996018599759
4154.09 0.27637495194104
4159.09 0.28206071905721
4164.09 0.28664157620667
4169.09 0.29038821700126
4174.09 0.29352804017814
4179.09 0.2957829149973
4184.09 0.29725235620058
4189.09 0.29824590205366
4194.09 0.29895980612834
4199.09 0.2996343249157
4204.09 0.30061443731515
4209.09 0.30153305819457
4214.09 0.302355145019
4219.09 0.30288606165772
4224.09 0.30337455623594
4229.09 0.30386265565865
4234.09 0.30449885570476
4239.09 0.30477274157182
4244.09 0.3051003950967
4249.09 0.30530361314581
4254.09 0.30554581786416
4259.09 0.30614044599867
4264.09 0.30775445657823
4269.09 0.30981169299883
4274.09 0.31238826749082
4279.09 0.31553163673577
4284.09 0.31927120050439
4289.09 0.32358844627806
4294.09 0.32874050816532
4299.09 0.33406721567679
4304.09 0.3391173274886
4309.09 0.34395471373534
4314.09 0.34848083968169
4319.09 0.35270299493829
4324.09 0.35637820634933
4329.09 0.35948979503774
4334.09 0.36227487826804
4339.09 0.36482611899597
4344.09 0.36665054180145
4349.09 0.3685433982894
4354.09 0.37078502637906
4359.09 0.37341963364658
4364.09 0.3760129810645
4369.09 0.37898807860751
4374.09 0.38252760302292
4379.09 0.38649984648644
4384.09 0.39063730071573
4389.09 0.39489921586545
4394.09 0.3991497843458
4399.09 0.40307681602054
4404.09 0.40724982372271
4409.09 0.41088235851441
4414.09 0.41353503698548
4419.09 0.41554373298127
4424.09 0.41821569859566
4429.09 0.42067924462581
4434.09 0.42269236923448
4439.09 0.42434029906935
4444.09 0.42646058669812
4449.09 0.4288547838107
4454.09 0.43149424523211
4459.09 0.43459729590684
4464.09 0.43857030026341
4469.09 0.44299493696529
4474.09 0.44735796364773
4479.09 0.45217317011373
4484.09 0.45687389266496
4489.09 0.46171409644699
4494.09 0.46669677547001
4499.09 0.47148208588518
4504.09 0.47432908234234
4509.09 0.47671452764738
4514.09 0.4788173228643
4519.09 0.48040908760414
4524.09 0.4808817120147
4529.09 0.48068373193884
4534.09 0.47947741520934
4539.09 0.47808212109124
4544.09 0.4762093397455
4549.09 0.47433928969995
4554.09 0.47262326560342
4559.09 0.47119049996292
4564.09 0.46945216459738
4569.09 0.46808101056112
4574.09 0.46698976953524
4579.09 0.46631726839254
4584.09 0.46593330681249
4589.09 0.46570745870012
4594.09 0.4650860480033
4599.09 0.46452500257466
4604.09 0.46421978623066
4609.09 0.46387906249616
4614.09 0.46338903858159
4619.09 0.46265938234271
4624.09 0.46167274814933
4629.09 0.46051635046576
4634.09 0.4591992174374
4639.09 0.4575951156573
4644.09 0.45600355655069
4649.09 0.45441836776118
4654.09 0.45267570316646
4659.09 0.45092437745264
4664.09 0.44934534776736
4669.09 0.44779396729229
4674.09 0.44627829904476
4679.09 0.44477159454837
4684.09 0.44334042881664
4689.09 0.44186891184347
4694.09 0.44037674641421
4699.09 0.4387879198567
4704.09 0.43705026791817
4709.09 0.43511504821324
4714.09 0.43327143837832
4719.09 0.43115653391646
4724.09 0.42849447638057
4729.09 0.42542936164445
4734.09 0.42217619465227
4739.09 0.41880656910859
4744.09 0.41534839124614
4749.09 0.41183747841804
4754.09 0.4083307653374
4759.09 0.40487181481892
4764.09 0.40150463962393
4769.09 0.39832773790441
4774.09 0.39600544930496
4779.09 0.39400800707796
4784.09 0.39231656669029
4789.09 0.39096429310514
4794.09 0.38986900154615
4799.09 0.38898079841916
4804.09 0.38883888356497
4809.09 0.3889502597986
4814.09 0.38924477258589
4819.09 0.38967474269249
4824.09 0.39034167765536
4829.09 0.39096509151761
4834.09 0.39198092241637
4839.09 0.3928705753313
4844.09 0.39379456086998
4849.09 0.39450355643694
4854.09 0.39501724816227
4859.09 0.39537553708773
4864.09 0.39614997420616
4869.09 0.39680315701481
4874.09 0.39719941536819
4879.09 0.39738080445584
4884.09 0.39754038417964
4889.09 0.39759269251172
4894.09 0.39811954898574
4899.09 0.39862141572189
4904.09 0.39926798078107
4909.09 0.39999451426464
4914.09 0.40082251739596
4919.09 0.40172093855433
4924.09 0.40318784397909
4929.09 0.4049312397806
4934.09 0.4067377860619
4939.09 0.40869831665508
4944.09 0.410559278859
4949.09 0.41244637055238
4954.09 0.41481148152484
4959.09 0.4172063746202
4964.09 0.41935979852974
4969.09 0.42142518114208
4974.09 0.42348802679505
4979.09 0.42555971648354
4984.09 0.42763710921409
4989.09 0.42971517330905
4994.09 0.43162886805659
4999.09 0.43350161273114
5004.09 0.43509804923805
5009.09 0.43656587873948
5014.09 0.43821657332827
5019.09 0.43989020087686
5024.09 0.44150121283453
5029.09 0.44309417483768
5034.09 0.44453594858636
5039.09 0.44601205483984
5044.09 0.44802808679204
5049.09 0.45024178948593
5054.09 0.45232133478156
5059.09 0.45448692542718
5064.09 0.45672451555316
5069.09 0.45904772548509
5074.09 0.46147313092036
5079.09 0.46392706503875
5084.09 0.46640666118427
5089.09 0.46890046779233
5094.09 0.47138426342877
5099.09 0.47374117145919
5104.09 0.47603326886108
5109.09 0.47824407218287
5114.09 0.48023607211752
5119.09 0.48209963573091
5124.09 0.48387125713902
5129.09 0.48544844061845
5134.09 0.4867321907906
5139.09 0.48784180001932
5144.09 0.48902000112374
5149.09 0.49028724168337
5154.09 0.49140980651352
5159.09 0.49242787450779
5164.09 0.49343631376052
5169.09 0.4943295531884
5174.09 0.49519294473168
5179.09 0.49601810216352
5184.09 0.49692374887049
5189.09 0.49804265447309
5194.09 0.49897265563702
5199.09 0.49987813552147
5204.09 0.50096499434447
5209.09 0.50220696108107
5214.09 0.5035905226944
5219.09 0.50515811678396
5224.09 0.50651478662779
5229.09 0.50778448108839
5234.09 0.50921888502091
5239.09 0.51070706188511
5244.09 0.51194567704056
5249.09 0.51317842770197
5254.09 0.5142811970973
5259.09 0.51540940610745
5264.09 0.51609542985735
5269.09 0.51669416095763
5274.09 0.51716112258253
5279.09 0.51765895173743
5284.09 0.51726602423175
5289.09 0.51644532110445
5294.09 0.51553227009873
5299.09 0.51448690880078
5304.09 0.51266340834334
5309.09 0.51052662014042
5314.09 0.50803135670409
5319.09 0.50521759004117
5324.09 0.50141855616445
5329.09 0.49730493223037
5334.09 0.49305946176823
5339.09 0.4887624384069
5344.09 0.48319594781504
5349.09 0.47729438393023
5354.09 0.47137238984552
5359.09 0.46538779475049
5364.09 0.4587320085171
5369.09 0.45194002735983
5374.09 0.4450322055093
5379.09 0.43791516416302
5384.09 0.4306596648337
5389.09 0.423449783177
5394.09 0.41636399543914
5399.09 0.40939248602157
5404.09 0.40260544615692
5409.09 0.39594285797922
5414.09 0.38942721116275
5419.09 0.38307371575437
5424.09 0.37738663151179
5429.09 0.37200294665892
5434.09 0.36668214900115
5439.09 0.36152244720268
5444.09 0.35704511834711
5449.09 0.35272884519034
5454.09 0.34840754768652
5459.09 0.34411302894258
5464.09 0.33980821451753
5469.09 0.33535250617885
5474.09 0.33068156960032
5479.09 0.32570631535371
5484.09 0.32000050233156
5489.09 0.31365043851646
5494.09 0.30662469247569
5499.09 0.29891202065233
5504.09 0.29008193290168
5509.09 0.28033944929287
5514.09 0.26992389699791
5519.09 0.25888320849174
5524.09 0.24695033554984
5529.09 0.23438387273097
5534.09 0.22145206049503
5539.09 0.20839463538455
5544.09 0.195295380258
5549.09 0.18207825727608
5554.09 0.16900117112478
5559.09 0.15616848575768
5564.09 0.1437307896835
5569.09 0.13158171260836
5574.09 0.11980074517032
5579.09 0.10839303534817
5584.09 0.097818196611755
5589.09 0.08778330209977
5594.09 0.078255515236273
5599.09 0.069217465919789
5604.09 0.060877389404786
5609.09 0.053249111252154
5614.09 0.046301226041578
5619.09 0.03997007913714
5624.09 0.034316741045485
5629.09 0.029368787036241
5634.09 0.02503855157765
5639.09 0.021242609647673
5644.09 0.017898473217279
5649.09 0.015058438468979
5654.09 0.012635073864137
5659.09 0.010547968384213
5664.09 0.0087378499573323
5669.09 0.0072469471512444
5674.09 0.0060234776581791
5679.09 0.0050162020798342
5684.09 0.0041320845930088
5689.09 0.0033986422393159
5694.09 0.0028122627127719
5699.09 0.002330752085075
5704.09 0.00191596462195
5709.09 0.001571380020995
5714.09 0.001290010639093
5719.09 0.0010594774010415
5724.09 0.00086972215218742
5729.09 0.00071235102237284
5734.09 0.00058164073381901
5739.09 0.00047275997131742
5744.09 0.0003903615186863
5749.09 0.00032216214611393
5754.09 0.00026497492089449
