6784.72 0.00030755368068929
6789.72 0.00033016827127148
6794.72 0.00036384578983835
6799.72 0.00041059293736418
6804.72 0.00046802107226192
6809.72 0.00054210667194442
6814.72 0.00064498215677773
6819.72 0.00079209072560593
6824.72 0.00097942305316373
6829.72 0.0012197261478863
6834.72 0.0015305130396903
6839.72 0.0019418668699991
6844.72 0.0024736537201298
6849.72 0.0031294028387741
6854.72 0.0039562555490382
6859.72 0.0050162106185348
6864.72 0.0057739859307081
6869.72 0.0064887797154633
6874.72 0.0083483300518075
6879.72 0.010767837880636
6884.72 0.013259936744942
6889.72 0.016117071613364
6894.72 0.019534924619098
6899.72 0.023573511797159
6904.72 0.028505530053236
6909.72 0.034114168422943
6914.72 0.040196723753576
6919.72 0.047053269915564
6924.72 0.054402786466891
6929.72 0.06241160735483
6934.72 0.070939954047603
6939.72 0.080196628837035
6944.72 0.09013825799299
6949.72 0.10074956880043
6954.72 0.11157068565813
6959.72 0.12288622246808
6964.72 0.1352280774719
6969.72 0.14810168309753
6974.72 0.16084458558505
6979.72 0.17396397833251
6984.72 0.18673105090675
6989.72 0.19952047963255
6994.72 0.21288446654298
6999.72 0.22631732377532
7004.72 0.23963466140484
7009.72 0.25295251345738
7014.72 0.26632682760677
7019.72 0.27954847636063
7024.72 0.29263307552108
7029.72 0.30559435411906
7034.72 0.3186447666352
7039.72 0.3312407997798
7044.72 0.34327547436556
7049.72 0.35506979318271
7054.72 0.3666563457266
7059.72 0.37789069659629
7064.72 0.38866991301699
7069.72 0.39905766247802
7074.72 0.40892582530615
7079.72 0.41831456736187
7084.72 0.42767767497011
7089.72 0.436566281536
7094.72 0.44487966105288
7099.72 0.45281312652986
7104.72 0.46054617756472
7109.72 0.46782932629028
7114.72 0.47472543109715
7119.72 0.48112381728537
7124.72 0.48722415331954
7129.72 0.49299974092648
7134.72 0.49849586136257
7139.72 0.50365442925815
7144.72 0.50829483850691
7149.72 0.51259338641167
7154.72 0.51681240588736
7159.72 0.52072568273473
7164.72 0.51998430340679
7169.72 0.51865735065111
7174.72 0.51784269768356
7179.72 0.51681308025648
7184.72 0.51390859858428
7189.72 0.51063978678376
7194.72 0.5164648180704
7199.72 0.52275049699937
7204.72 0.52958438761702
7209.72 0.53637082449095
7214.72 0.54494787938567
7219.72 0.55356188309585
7224.72 0.55156206525519
7229.72 0.54883127892259
7234.72 0.54612338118809
7239.72 0.5433453132463
7244.72 0.54533677565798
7249.72 0.54772149377346
7254.72 0.55284976276405
7259.72 0.55812685853497
7264.72 0.5587117930754
7269.72 0.55889147070834
7274.72 0.5596923965256
7279.72 0.56057221619439
7284.72 0.563895472138
7289.72 0.56743256371594
7294.72 0.57236843888849
7299.72 0.57750362995526
7304.72 0.57616998740863
7309.72 0.57436235173204
7314.72 0.57859727699553
7319.72 0.58321836360822
7324.72 0.58668125152163
7329.72 0.59009568320216
7334.72 0.59175956815277
7339.72 0.59326566483295
7344.72 0.5942687909126
7349.72 0.59527886252434
7354.72 0.59663099598445
7359.72 0.59779280696352
7364.72 0.59836226990487
7369.72 0.59893821384491
7374.72 0.60061905291789
7379.72 0.60238007195685
7384.72 0.60296509978678
7389.72 0.60336594308266
7394.72 0.60431802640199
7399.72 0.60529125992818
7404.72 0.60538397430834
7409.72 0.60523582554373
7414.72 0.60490521694406
7419.72 0.60450234201796
7424.72 0.60384360646486
7429.72 0.60306777356301
7434.72 0.60221536599662
7439.72 0.60132536681901
7444.72 0.60024186134276
7449.72 0.59905609157367
7454.72 0.59767449922442
7459.72 0.59616385106957
7464.72 0.59460539745515
7469.72 0.59299888813346
7474.72 0.59130926776817
7479.72 0.58950248869028
7484.72 0.58750707890752
7489.72 0.58553324031821
7494.72 0.58346047084437
7499.72 0.58127495398296
7504.72 0.57983861381087
7509.72 0.57846919793498
7514.72 0.57698605207019
7519.72 0.57546935564172
7524.72 0.57403402082223
7529.72 0.57253591766019
7534.72 0.57095897095932
7539.72 0.56932413685547
7544.72 0.56744355892655
7549.72 0.56550852152692
7554.72 0.56358771104827
7559.72 0.56171636004306
7564.72 0.56015974505558
7569.72 0.55852953520178
7574.72 0.55687125683574
7579.72 0.55526703245665
7584.72 0.55315635999479
7589.72 0.550981484808
7594.72 0.41021043528244
7599.72 0.26210016222999
7604.72 0.22665520782841
7609.72 0.19808390353389
7614.72 0.29658578497012
7619.72 0.40209761191279
7624.72 0.35112944388548
7629.72 0.29118167506902
7634.72 0.31912084416711
7639.72 0.35200103844073
7644.72 0.37272385690114
7649.72 0.39267228444029
7654.72 0.41497464754982
7659.72 0.43738819214525
7664.72 0.4563296522905
7669.72 0.47497062953342
7674.72 0.49008259453014
7679.72 0.50487713660798
7684.72 0.50807075907788
7689.72 0.51053534797874
7694.72 0.51268347469352
7699.72 0.51486343614507
7704.72 0.51502261549607
7709.72 0.51505516232652
7714.72 0.51393351398814
7719.72 0.5127432194236
7724.72 0.51121366729345
7729.72 0.50969999552253
7734.72 0.5081779426019
7739.72 0.50658429590677
7744.72 0.50505486802089
7749.72 0.50344702403435
7754.72 0.50172947332786
7759.72 0.49992962208387
7764.72 0.49816408211161
7769.72 0.49641525940442
7774.72 0.49462119488292
7779.72 0.49279106023413
7784.72 0.49086000315193
7789.72 0.48894292428764
7794.72 0.48709425746214
7799.72 0.48524103751061
7804.72 0.48333396786465
7809.72 0.48136178876487
7814.72 0.47939069764317
7819.72 0.47739012351529
7824.72 0.47545821337838
7829.72 0.47349405530665
7834.72 0.47157654733104
7839.72 0.46963376977195
7844.72 0.46772041185675
7849.72 0.46587122640637
7854.72 0.46396995637048
7859.72 0.46209455906667
7864.72 0.45995939314546
7869.72 0.45783112694777
7874.72 0.45597811780857
7879.72 0.45412779913983
7884.72 0.45224337132189
7889.72 0.45037956131799
7894.72 0.44804324777705
7899.72 0.44574316355942
7904.72 0.4447076679883
7909.72 0.44375741858568
7914.72 0.44234337543086
7919.72 0.44098626519546
7924.72 0.43950641747841
7929.72 0.43804122629432
7934.72 0.43729689010748
7939.72 0.43657745978637
7944.72 0.43504824973664
7949.72 0.43348826291214
7954.72 0.43140389997857
7959.72 0.42926630282132
7964.72 0.42792610075231
7969.72 0.4266770539426
7974.72 0.42607422012086
7979.72 0.42545590515193
7984.72 0.42392534633258
7989.72 0.42228705149297
7994.72 0.42061935815428
7999.72 0.41897935813285
8004.72 0.41754002451358
8009.72 0.4161060634395
8014.72 0.41474121334166
8019.72 0.41334386265572
8024.72 0.41177708288592
8029.72 0.41004499293941
8034.72 0.40853056443259
8039.72 0.40694478007651
8044.72 0.40530243370308
8049.72 0.40363217399122
8054.72 0.4021552273311
8059.72 0.40048337145844
8064.72 0.39846277504756
8069.72 0.39642647435589
8074.72 0.39443426114197
8079.72 0.39238249601844
8084.72 0.39006675469851
8089.72 0.38772990510839
8094.72 0.38531215473592
8099.72 0.38286785026516
8104.72 0.38039382700898
8109.72 0.377813614362
8114.72 0.37491813608883
8119.72 0.3720184410085
8124.72 0.36914180529486
8129.72 0.3662370058151
8134.72 0.36031564128475
8139.72 0.35433711816928
8144.72 0.35163829660609
8149.72 0.34919295200442
8154.72 0.34319521786104
8159.72 0.33704076990807
8164.72 0.33537245755055
8169.72 0.33397265616834
8174.72 0.33168003822919
8179.72 0.32936638979046
8184.72 0.33036828832765
8189.72 0.33156171183261
8194.72 0.32774992337383
8199.72 0.32378316207726
8204.72 0.32727604360263
8209.72 0.33124096081416
8214.72 0.32897602882366
8219.72 0.32641770547008
8224.72 0.31234935438688
8229.72 0.2977022436453
8234.72 0.30706811695391
8239.72 0.31773505001335
8244.72 0.31728736286955
8249.72 0.31615801121563
8254.72 0.31323366489406
8259.72 0.3101040931968
8264.72 0.3096305359891
8269.72 0.3091419059028
8274.72 0.30205233663152
8279.72 0.29428487788972
8284.72 0.29384709518219
8289.72 0.29335311109451
8294.72 0.28917730659617
8299.72 0.28410655532462
8304.72 0.27862971518277
8309.72 0.27247288914677
8314.72 0.26432712814945
8319.72 0.25524038602922
8324.72 0.24889886952105
8329.72 0.24178935168412
8334.72 0.23048800190861
8339.72 0.21832976037354
8344.72 0.20749758908127
8349.72 0.1963412524456
8354.72 0.18341163837099
8359.72 0.17039172216447
8364.72 0.15848502328004
8369.72 0.14672328870261
8374.72 0.13463827897528
8379.72 0.12301809101445
8384.72 0.11220624216906
8389.72 0.10196741637891
8394.72 0.092321514937207
8399.72 0.083447421840839
8404.72 0.07525558812971
8409.72 0.067666005068882
8414.72 0.060765264109961
8419.72 0.054501730782539
8424.72 0.048891519915704
8429.72 0.043850381592754
8434.72 0.039316654190598
8439.72 0.035301156618806
8444.72 0.03174983049785
8449.72 0.028541714882584
8454.72 0.025662684072838
8459.72 0.023122068689369
8464.72 0.020861980982697
8469.72 0.018812009326637
8474.72 0.016975246230647
8479.72 0.015357709981584
8484.72 0.013860862938729
8489.72 0.012696193147952
8494.72 0.011618281293319
8499.72 0.010543975265944
8504.72 0.0094235764519288
8509.72 0.0082301647687794
8514.72 0.007063129763302
8519.72 0.0059738561583282
8524.72 0.0050082295271819
8529.72 0.0042117176660217
8534.72 0.0036413881913112
8539.72 0.0032788260296699
8544.72 0.0030732977542259
8549.72 0.0028569241508098
8554.72 0.0024889406428606
8559.72 0.0022407900488946
8564.72 0.0019990094312377
8569.72 0.001800850340286
8574.72 0.0016195087164645
8579.72 0.0014360885376066
8584.72 0.0012552785839006
8589.72 0.0011477387364565
8594.72 0.0010632074986606
8599.72 0.00099312983151909
8604.72 0.00090518562507307
8609.72 0.00079790329283893
8614.72 0.00073398381940293
8619.72 0.00064982730458331
8624.72 0.00057882763785627
8629.72 0.00049258876469694
8634.72 0.00040027966097144
8639.72 0.00033248836656609
