5446.92 0.00036652779197612
5451.92 0.00050765669107092
5456.92 0.00070384665204883
5461.92 0.00098243280712628
5466.92 0.0013805543412575
5471.92 0.0019164004755425
5476.92 0.0026220312862898
5481.92 0.0035600576239949
5486.92 0.0047971842812723
5491.92 0.0063507529357297
5496.92 0.0082444556096154
5501.92 0.010587598362607
5506.92 0.013494294907844
5511.92 0.016931770330688
5516.92 0.020887124386582
5521.92 0.025462016417919
5526.92 0.030726347248797
5531.92 0.036625986736652
5536.92 0.043101713509016
5541.92 0.050138843644629
5546.92 0.057732092640585
5551.92 0.065835968987957
5556.92 0.074458795876089
5561.92 0.083497118714482
5566.92 0.092856016501394
5571.92 0.10255706232344
5576.92 0.11261461498154
5581.92 0.12273219191067
5586.92 0.13259211230333
5591.92 0.14248443479441
5596.92 0.1524096783869
5601.92 0.16215415611111
5606.92 0.17146766299455
5611.92 0.18058967901725
5616.92 0.18950730222767
5621.92 0.19809986200247
5626.92 0.20634811080507
5631.92 0.21427568492435
5636.92 0.22196675996578
5641.92 0.2296311111766
5646.92 0.23743603671622
5651.92 0.24495803182398
5656.92 0.25223537906346
5661.92 0.25980121406152
5666.92 0.26806017581624
5671.92 0.27611710395563
5676.92 0.28408887109316
5681.92 0.29256513089305
5686.92 0.30184081412064
5691.92 0.31112847103996
5696.92 0.32043605295452
5701.92 0.33014406533598
5706.92 0.34051993876543
5711.92 0.35089556989157
5716.92 0.36126196363121
5721.92 0.37158207748069
5726.92 0.38165822254539
5731.92 0.3917655471346
5736.92 0.40204130736327
5741.92 0.41163851990819
5746.92 0.42007714186724
5751.92 0.42846104276352
5756.92 0.43677224527228
5761.92 0.44404271211798
5766.92 0.44971773632764
5771.92 0.45534144445813
5776.92 0.46083623787444
5781.92 0.46545354626565
5786.92 0.46872313578685
5791.92 0.47190367221702
5796.92 0.47505330273059
5801.92 0.47772744980091
5806.92 0.47965481755715
5811.92 0.48137734002537
5816.92 0.48301712258424
5821.92 0.48443656447225
5826.92 0.48569898161901
5831.92 0.48684094292758
5836.92 0.4878743606387
5841.92 0.48881970806014
5846.92 0.48964610686184
5851.92 0.49051713449063
5856.92 0.49141570491309
5861.92 0.49243016164098
5866.92 0.49347945522892
5871.92 0.49448714683877
5876.92 0.49530091125564
5881.92 0.49580866696928
5886.92 0.4959348667694
5891.92 0.49627592773886
5896.92 0.49710343073962
5901.92 0.49794394025944
5906.92 0.49886341045749
5911.92 0.49949243508562
5916.92 0.49955449153459
5921.92 0.49982728967929
5926.92 0.50028528278221
5931.92 0.50045140421515
5936.92 0.50029113831374
5941.92 0.49998845544754
5946.92 0.49966214868611
5951.92 0.49952403634575
5956.92 0.49975235918617
5961.92 0.4997861577618
5966.92 0.49968368154673
5971.92 0.49956660135146
5976.92 0.49955474328488
5981.92 0.49959517043258
5986.92 0.49964663002544
5991.92 0.49989179608198
5996.92 0.50033435821947
6001.92 0.50087120312947
6006.92 0.50174116639567
6011.92 0.50261004257683
6016.92 0.50351355228898
6021.92 0.50443739905792
6026.92 0.50540328141532
6031.92 0.5063029037098
6036.92 0.50736628522477
6041.92 0.50833020542546
6046.92 0.50926633860853
6051.92 0.51016306931498
6056.92 0.51111943577425
6061.92 0.51188808656409
6066.92 0.51243163517596
6071.92 0.51286777800041
6076.92 0.51330209623408
6081.92 0.51355380590507
6086.92 0.51350897673553
6091.92 0.51330362887005
6096.92 0.51301571301787
6101.92 0.51265207375568
6106.92 0.51216248865133
6111.92 0.51156216072883
6116.92 0.51099252345545
6121.92 0.51024769293349
6126.92 0.50939384784914
6131.92 0.5085361418836
6136.92 0.50766167324351
6141.92 0.50678043249423
6146.92 0.50592069345964
6151.92 0.50522345358335
6156.92 0.50462659876611
6161.92 0.50408350743564
6166.92 0.50364074036155
6171.92 0.50323968890978
6176.92 0.50289052559355
6181.92 0.50268499606442
6186.92 0.50278797400441
6191.92 0.50286592775906
6196.92 0.50289264831819
6201.92 0.50302821196368
6206.92 0.50329903288125
6211.92 0.50350029123983
6216.92 0.50360864923272
6221.92 0.50388039113715
6226.92 0.50445421160955
6231.92 0.50497529576297
6236.92 0.50541323230368
6241.92 0.5058192053146
6246.92 0.50622320985862
6251.92 0.5065892743149
6256.92 0.5069383682105
6261.92 0.50722008621155
6266.92 0.50758476193948
6271.92 0.50557549079917
6276.92 0.49986645891243
6281.92 0.49800312668727
6286.92 0.50228190953036
6291.92 0.5049602302391
6296.92 0.50511008348415
6301.92 0.50607083795256
6306.92 0.50830845736751
6311.92 0.51023057373263
6316.92 0.51153120782114
6321.92 0.51278676700694
6326.92 0.51397390086033
6331.92 0.51512253769198
6336.92 0.51622483606842
6341.92 0.51717003817448
6346.92 0.51786737872436
6351.92 0.51864655140121
6356.92 0.51933692881678
6361.92 0.51992678111453
6366.92 0.52042714923163
6371.92 0.52093052839411
6376.92 0.52140385884528
6381.92 0.52170577630151
6386.92 0.52176443491428
6391.92 0.52173768725576
6396.92 0.52156279164355
6401.92 0.52117798796601
6406.92 0.52044665698537
6411.92 0.51960057032158
6416.92 0.51862675393419
6421.92 0.51767444777074
6426.92 0.5167301531878
6431.92 0.51585448795219
6436.92 0.51496468994184
6441.92 0.51408763983053
6446.92 0.51311784947614
6451.92 0.51198643412165
6456.92 0.51074345324923
6461.92 0.50952444740409
6466.92 0.50832974332417
6471.92 0.50727645471073
6476.92 0.50627969323117
6481.92 0.50560251104477
6486.92 0.5054719891895
6491.92 0.50579688063995
6496.92 0.50659018506529
6501.92 0.50740789403834
6506.92 0.50798423985647
6511.92 0.50830983142696
6516.92 0.50813094141935
6521.92 0.5087238201343
6526.92 0.51042881705892
6531.92 0.511939665688
6536.92 0.51311166479446
6541.92 0.51421088824241
6546.92 0.51503964696092
6551.92 0.51622774653065
6556.92 0.5180055302569
6561.92 0.51955446821721
6566.92 0.52071350583331
6571.92 0.52197470750865
6576.92 0.52325940860045
6581.92 0.52443779515279
6586.92 0.52538639945795
6591.92 0.5262422527441
6596.92 0.52692261743219
6601.92 0.52737376371656
6606.92 0.52766200638523
6611.92 0.52793154499267
6616.92 0.52803623894623
6621.92 0.52797624437944
6626.92 0.52770677548741
6631.92 0.52728617415698
6636.92 0.52690708851562
6641.92 0.52649070969044
6646.92 0.52598314895558
6651.92 0.52542925579688
6656.92 0.52479656116286
6661.92 0.5242937121615
6666.92 0.52388295711478
6671.92 0.52356237531234
6676.92 0.52328861686685
6681.92 0.52309913185795
6686.92 0.52294983578495
6691.92 0.52292157546215
6696.92 0.5230137124207
6701.92 0.5232622448962
6706.92 0.52369530115934
6711.92 0.52424279989125
6716.92 0.52491293354775
6721.92 0.52573031610132
6726.92 0.52658956019708
6731.92 0.5275822796495
6736.92 0.52866475931925
6741.92 0.52987007780106
6746.92 0.53127468369562
6751.92 0.53277817344461
6756.92 0.53430342940814
6761.92 0.53596369611242
6766.92 0.53754022691166
6771.92 0.53913650553849
6776.92 0.54073999369443
6781.92 0.54238781875228
6786.92 0.54411059756728
6791.92 0.54580821454485
6796.92 0.54736373722612
6801.92 0.54867994169452
6806.92 0.54991082988457
6811.92 0.55072617562855
6816.92 0.55121101882657
6821.92 0.55125777387896
6826.92 0.55074176885955
6831.92 0.54980832696944
6836.92 0.54795816859376
6841.92 0.54514728211065
6846.92 0.54131656997254
6851.92 0.53653382842992
6856.92 0.53039923408345
6861.92 0.50435511395325
6866.92 0.44857800870441
6871.92 0.4179065122249
6876.92 0.42534385358187
6881.92 0.42417613302802
6886.92 0.41141444294756
6891.92 0.39774770006014
6896.92 0.38350288200888
6901.92 0.36980870610389
6906.92 0.35759212999804
6911.92 0.34318149522798
6916.92 0.32609163012596
6921.92 0.30789100210677
6926.92 0.28862284221998
6931.92 0.26919168078886
6936.92 0.24954197924629
6941.92 0.23056788546317
6946.92 0.21247192064679
6951.92 0.19491203265822
6956.92 0.17791135385243
6961.92 0.16248499894134
6966.92 0.1486426753464
6971.92 0.13546099536237
6976.92 0.12301089632097
6981.92 0.11172144282311
6986.92 0.10132252171654
6991.92 0.091923372172688
6996.92 0.083530589847453
7001.92 0.076027055266627
7006.92 0.069255401340014
7011.92 0.063083548440911
7016.92 0.057469988929892
7021.92 0.052412927317255
7026.92 0.047843608863217
7031.92 0.043721572529525
7036.92 0.040037322618746
7041.92 0.036729037314016
7046.92 0.03371521246031
7051.92 0.030957828651524
7056.92 0.028470259890729
7061.92 0.026253338150717
7066.92 0.024254897810712
7071.92 0.022413703853191
7076.92 0.020735007351243
7081.92 0.019247650750203
7086.92 0.017917922274045
7091.92 0.016664948562283
7096.92 0.015493037536675
7101.92 0.014429935912372
7106.92 0.013460480002231
7111.92 0.012560983301618
7116.92 0.011733218929384
7121.92 0.010993236609693
7126.92 0.010318603860748
7131.92 0.0096822374615438
7136.92 0.0091040259293856
7141.92 0.0085666009283531
7146.92 0.0080611030411781
7151.92 0.0075891964841182
7156.92 0.0071633732805747
7161.92 0.0067404983982558
7166.92 0.0063141276944074
7171.92 0.0059190085363853
7176.92 0.005555394373178
7181.92 0.0052128612295722
7186.92 0.0048825529741555
7191.92 0.0046150892691521
7196.92 0.0044129120966383
7201.92 0.0042174871674398
7206.92 0.0040396532475482
7211.92 0.0038675920393819
7216.92 0.0037150276029051
7221.92 0.003541574435635
7226.92 0.0033448245006499
7231.92 0.0031575691384242
7236.92 0.0029860159386653
7241.92 0.0028326545440415
7246.92 0.0026986289380249
7251.92 0.0025733894146913
7256.92 0.0024600355828154
7261.92 0.0023457958301905
7266.92 0.0022238539552806
7271.92 0.0021110165903439
7276.92 0.0020038440325761
7281.92 0.0019061175075035
7286.92 0.0018169318429812
7291.92 0.0017297678652161
7296.92 0.0016550931760439
7301.92 0.0015784436926886
7306.92 0.001492467821326
7311.92 0.0014133302302637
7316.92 0.0013544389762435
7321.92 0.0012979261925533
7326.92 0.0012384544748225
7331.92 0.0011760967793622
7336.92 0.0011165275298943
7341.92 0.0010697493953494
7346.92 0.0010218832552914
7351.92 0.00097413820288538
7356.92 0.00092590106976452
7361.92 0.0008816012384829
7366.92 0.00084476310520887
7371.92 0.0008128207927398
7376.92 0.00078238654272788
7381.92 0.00075141333926754
7386.92 0.0007190658938769
7391.92 0.00068984360947525
7396.92 0.00065982985997611
7401.92 0.00062487682540864
7406.92 0.00058842181716794
7411.92 0.00056191007551666
7416.92 0.00054009138245412
7421.92 0.00051762200054523
7426.92 0.00049581224269186
7431.92 0.00047154047206808
7436.92 0.00045533588288032
7441.92 0.00043901373633554
7446.92 0.00042375470142605
7451.92 0.00041276767122978
7456.92 0.00039863689068241
7461.92 0.00038613899750454
7466.92 0.00037440638015882
7471.92 0.00035782750601999
7476.92 0.00034317313996464
7481.92 0.00033318156137328
7486.92 0.00032546648813335
7491.92 0.00031700645974677
7496.92 0.00031258268509606
7501.92 0.00030486698235816
7506.92 0.000298190227179
7511.92 0.00029077056974843
7516.92 0.00028371858192785
